energy0
15.02292652 0.4143489378 3 (0.41435)
39.02292652 0.01253947516 37 (0.012539)
49.00727645 0.0002290359169 19 (0.00022904)
51.02292652 0.001555449129 18 (0.0015554)
57.0334912 0.003180736845 32 (0.0031807)
79.01784114 0.001947104268 23 (0.0019471)
81.0334912 0.004695956227 25 (0.004696)
83.04914126 0.005298721689 24 (0.0052987)
107.0491413 0.07405665095 35 (0.074057)
135.0552893 0.007146607956 43 (0.0071466)
153.0447246 0.002561185523 20 39 (0.0025601 1.1279e-06)
155.0603746 0.0003874999525 22 (0.0003875)
157.0396392 0.001718678586 8 (0.0017187)
159.0552893 0.001853858929 26 (0.0018539)
161.0709393 0.0007138813366 27 (0.00071388)
163.0865894 0.0002429182559 30 (0.00024292)
167.0603746 0.0004461033116 13 (0.0004461)
171.0552893 0.0003570987936 10 (0.0003571)
173.0709393 0.03245332696 31 (0.032453)
181.0760247 0.02405716194 15 (0.024057)
183.0552893 0.02764041424 6 (0.02764)
183.0916748 0.0008455599389 16 (0.00084556)
185.0709393 0.07769876326 34 (0.077699)
187.0865894 0.003574562033 36 (0.0035746)
197.0709393 0.01802536651 7 2 (0.013966 0.0040591)
209.0709393 5.703072866 21 (5.7031)
211.0865894 1.032099028 14 (1.0321)
213.1022395 0.2162780613 12 (0.21628)
215.081504 0.06065179298 41 40 (0.048268 0.012384)
225.0658539 0.4740954036 1 (0.4741)
241.0971541 91.79622779 0 (91.796)
energy1
15.02292652 0.3992804576 3 (0.39928)
39.02292652 0.009907417675 37 (0.0099074)
49.00727645 0.04921088841 19 (0.049211)
51.02292652 0.3436248845 18 (0.34362)
53.03857658 0.03637586865 17 (0.036376)
57.0334912 0.2374641265 32 (0.23746)
79.01784114 0.1292811831 23 (0.12928)
81.0334912 1.320572364 25 (1.3206)
83.04914126 0.2714834894 24 (0.27148)
107.0491413 0.6756032149 35 (0.6756)
135.0552893 0.01842760894 43 (0.018428)
153.0447246 0.09315737943 20 39 (0.093022 0.00013586)
155.0603746 0.03479520155 22 (0.034795)
159.0552893 0.3065386443 26 (0.30654)
161.0709393 0.09227868352 27 (0.092279)
163.0865894 0.01515251198 30 (0.015153)
167.0603746 0.03381693001 13 (0.033817)
171.0552893 0.009853980204 10 (0.009854)
173.0709393 0.0541772052 31 (0.054177)
181.0760247 0.8954744865 15 (0.89547)
183.0552893 0.4777703997 6 (0.47777)
183.0916748 0.04115759867 16 (0.041158)
185.0709393 0.2515324966 34 (0.25153)
187.0865894 0.04012917202 36 (0.040129)
197.0709393 0.3691419583 2 7 (0.22684 0.1423)
209.0709393 23.24349473 21 (23.243)
211.0865894 6.632478496 14 (6.6325)
213.1022395 0.5228613027 12 (0.52286)
215.081504 0.8440071607 40 41 (0.56761 0.2764)
225.0658539 1.019648419 1 (1.0196)
241.0971541 61.53130174 0 (61.531)
energy2
15.02292652 4.212189906 3 (4.2122)
39.02292652 1.877187809 37 (1.8772)
49.00727645 4.827587527 19 (4.8276)
51.02292652 8.042329036 18 (8.0423)
53.03857658 1.967211526 17 (1.9672)
63.02292652 1.140930568 38 (1.1409)
107.0491413 2.805509606 35 (2.8055)
129.0447246 0.7783971323 33 (0.7784)
135.0552893 0.5873210637 43 (0.58732)
153.0447246 6.977102173 20 39 (6.6985 0.27856)
155.0603746 1.923992709 22 (1.924)
157.0396392 1.763931015 8 (1.7639)
159.0552893 1.377232856 26 (1.3772)
161.0709393 1.555104328 27 (1.5551)
163.0865894 0.6359077548 30 (0.63591)
167.0603746 4.90300295 13 (4.903)
169.0396392 2.395591459 9 (2.3956)
171.0552893 1.134136866 10 (1.1341)
173.0709393 0.490734445 31 (0.49073)
181.0396392 2.250335093 11 (2.2503)
181.0760247 3.60380874 15 (3.6038)
183.0552893 2.719309772 6 (2.7193)
183.0916748 0.5052984482 16 (0.5053)
185.0709393 2.550701037 34 (2.5507)
197.0709393 4.733037426 2 7 (2.5153 2.2177)
209.0709393 15.27948908 21 (15.279)
211.0865894 5.133965227 14 (5.134)
213.1022395 1.47102355 12 (1.471)
215.081504 0.7988304536 41 40 (0.42764 0.37119)
225.0658539 7.856352163 1 (7.8564)
241.0971541 3.702448286 0 (3.7024)

0 241.0971541 COc1cccc2nc3c(cccc3[OH+]C)nc21
1 225.0658539 C=[O+]C1=C2NC3=CC=CC(=O)C3=NC2=CC=C1
2 197.0709393 [OH+]=C1C=CC=C2NC3=CC=CC=C3N=C12
3 15.02292652 [CH3+]
4 67.01784114 C=C=C=C=[OH+]
5 65.00219107 [CH+]=C=C=C=O
6 183.0552893 C#CC1=CN=C2C=CC=C([O+]=C)C2=N1
7 197.0709393 C#CC=C1C=NC2=CC=CC([O+]=C)=C2N1
8 157.0396392 [CH+]=C1C=NC2=CC=CC(=O)C2=N1
9 169.0396392 [CH+]=C=C1C=NC2=CC=CC(=O)C2=N1
10 171.0552893 C=C=C1C=NC2=CC=CC(=[OH+])C2=N1
11 181.0396392 [CH+]=C=C=C1C=NC2=CC=CC(=O)C2=N1
12 213.1022395 C[OH+]C1=CC=CC2=NC3=C(C=CC=C3)NC21
13 167.0603746 [CH2+]C#CC1=NC2=C(C=CC=C2)N=C1
14 211.0865894 C[OH+]C1=CC=CC2=NC3=C(C=CC=C3)N=C12
15 181.0760247 C1=CC2=NC3=C(C=CC=C3)[NH+]=C2C=C1
16 183.0916748 C1=CC2=C(C=C1)[NH+]=C1C=CC=CC1N2
17 53.03857658 C=CC#[CH2+]
18 51.02292652 C#CC#[CH2+]
19 49.00727645 [C+]#CC#C
20 153.0447246 [C+]#CC1=NC2=C(C=CC=C2)N=C1
21 209.0709393 C=[O+]C1=CC=CC2=NC3=C(C=CC=C3)N=C12
22 155.0603746 C#[CH+]C1=NC2=C(C=CC=C2)N=C1
23 79.01784114 C#CC#C[O+]=C
24 83.04914126 C=CC#C[OH+]C
25 81.0334912 C#CC#C[OH+]C
26 159.0552893 C=[O+]C1=CC=CC2=NC=CN=C12
27 161.0709393 C[OH+]C1=CC=CC2=NC=CN=C12
28 103.0290745 [C+]#CC1=NC=CN=C1
29 117.0447246 [CH2+]C#CC1=NC=CN=C1
30 163.0865894 C[OH+]C1=CC=CC2=NC=CNC21
31 173.0709393 C=[O+]C1=C2NC(=C)C=NC2=CC=C1
32 57.0334912 C#C[OH+]C
33 129.0447246 C#CC1=NC=C(C#[CH2+])N=C1
34 185.0709393 C#CC1=CN=C2C=CC=C([OH+]C)C2=N1
35 107.0491413 C=[O+]C1=CC=CC=C1
36 187.0865894 C#CC1=CN=C2C=CC=C([OH+]C)C2N1
37 39.02292652 [C+]#CC
38 63.02292652 [C+]#CC#CC
39 153.0447246 [C+]#CC=C1C=NC(=C=C=C)C=N1
40 215.081504 C=[O+]C1=CC=CC2=NC(C(=C)OC)=CN=C21
41 215.081504 C=C1N=C2C(OC)=CC=CC2=NC1=C=[O+]C
42 55.01784114 C#C[O+]=C
43 135.0552893 C=[O+]C1=CC=CC(=N)C1=N