energy0
25.00727645 5.06352694e-05 15 (5.0635e-05)
39.02292652 0.0117055736 3 (0.011706)
41.03857658 0.009558511672 32 (0.0095585)
49.00727645 0.005283883906 2 (0.0052839)
50.00252542 4.441971563e-06 13 (4.442e-06)
51.02292652 0.01580422413 8 (0.015804)
53.00219107 0.001626466401 9 (0.0016265)
63.02292652 5.232051688e-05 25 (5.2321e-05)
65.00219107 0.00188418817 4 (0.0018842)
67.01784114 0.006046324292 1 (0.0060463)
91.02907452 5.674331695e-06 26 (5.6743e-06)
104.0494756 3.109333562e-05 6 (3.1093e-05)
116.0494756 0.0001524140146 11 (0.00015241)
128.0494756 5.420898733e-05 16 (5.4209e-05)
129.0447246 3.814398401e-05 18 47 19 20 (2.1276e-05 9.2604e-06 3.8037e-06 3.8037e-06)
130.0287402 0.0001041967466 38 (0.0001042)
131.0603746 0.0003161807082 5 (0.00031618)
140.0494756 3.617574131e-05 22 (3.6176e-05)
142.0651257 0.0001809644813 24 (0.00018096)
143.0603746 0.03774155077 10 37 (0.037735 7.0221e-06)
147.0552893 0.0004352897411 48 (0.00043529)
152.0494756 0.0001383827814 27 (0.00013838)
153.0447246 0.03180164331 12 28 40 (0.031786 1.5077e-05 8.8433e-07)
155.0603746 0.09276257693 14 (0.092763)
157.0396392 0.04416505409 31 46 (0.022461 0.021704)
167.0603746 0.02955942521 21 (0.029559)
169.0396392 0.04447799251 34 42 45 (0.033223 0.0056276 0.0056276)
169.0760247 0.06072037014 23 (0.06072)
171.0552893 0.1233865148 36 33 43 44 30 (0.04555 0.032506 0.016222 0.016222 0.012885)
181.0396392 0.1835847126 41 35 29 39 (0.08248 0.080076 0.010515 0.010514)
197.0709393 99.29829086 0 (99.298)
energy1
25.00727645 0.001340052062 15 (0.0013401)
39.02292652 0.1013768838 3 (0.10138)
41.03857658 0.05180274511 32 (0.051803)
49.00727645 0.1870552472 2 (0.18706)
51.02292652 0.3365107173 8 (0.33651)
52.01817548 0.0001236081078 17 (0.00012361)
53.00219107 0.0166423281 9 (0.016642)
63.02292652 0.009332344135 25 (0.0093323)
65.00219107 0.09441084014 4 (0.094411)
67.01784114 1.609160855 1 (1.6092)
91.02907452 8.100917552e-05 26 (8.1009e-05)
104.0494756 0.002281361584 6 (0.0022814)
116.0494756 0.003840578463 11 (0.0038406)
128.0494756 0.008063646525 16 (0.0080636)
129.0447246 0.007097903956 18 19 20 47 (0.0033576 0.0015858 0.0015858 0.00056873)
130.0287402 0.001343663208 38 (0.0013437)
131.0603746 0.1500817161 5 (0.15008)
140.0494756 0.008896184766 22 (0.0088962)
142.0651257 0.01600728387 24 (0.016007)
143.0603746 0.1098943589 10 37 (0.10767 0.0022275)
147.0552893 0.0161162085 48 (0.016116)
152.0494756 0.01341984458 27 (0.01342)
153.0447246 1.22177255 12 28 40 (1.2182 0.0029026 0.00064579)
155.0603746 1.11165972 14 (1.1117)
157.0396392 0.02708974144 46 31 (0.015812 0.011278)
167.0603746 1.555578839 21 (1.5556)
169.0396392 0.8873741504 42 45 34 (0.32442 0.32442 0.23854)
169.0760247 1.40602682 23 (1.406)
171.0552893 2.544924759 30 36 43 44 33 (0.70967 0.53087 0.50077 0.50077 0.30283)
181.0396392 0.6397828766 41 35 29 39 (0.26596 0.14139 0.11654 0.1159)
197.0709393 87.86091116 0 (87.861)
energy2
25.00727645 0.4859814997 15 (0.48598)
39.02292652 4.601851695 3 (4.6019)
41.03857658 3.469507721 32 (3.4695)
49.00727645 6.689952123 2 (6.69)
50.00252542 0.2215403911 13 (0.22154)
51.02292652 7.647400444 8 (7.6474)
53.00219107 0.5425551804 9 (0.54256)
63.02292652 1.53418443 25 (1.5342)
65.00219107 1.771075938 4 (1.7711)
67.01784114 1.667572908 1 (1.6676)
91.02907452 0.1372634718 26 (0.13726)
104.0494756 2.603790981 6 (2.6038)
116.0494756 0.609898574 11 (0.6099)
128.0494756 0.4106535705 16 (0.41065)
129.0447246 0.7004544335 18 19 20 47 (0.34244 0.11956 0.11956 0.1189)
130.0287402 1.392629191 38 (1.3926)
131.0603746 2.496993724 5 (2.497)
140.0494756 0.3751077992 22 (0.37511)
142.0651257 0.4974765883 24 (0.49748)
143.0603746 2.521662553 10 37 (2.3723 0.1494)
147.0552893 0.5670394407 48 (0.56704)
152.0494756 0.6692899623 27 (0.66929)
153.0447246 10.65660114 12 28 40 (10.018 0.52606 0.11297)
155.0603746 7.854709805 14 (7.8547)
157.0396392 0.9911337091 31 46 (0.65302 0.33812)
167.0603746 6.313526968 21 (6.3135)
169.0396392 1.847480414 42 45 34 (0.64922 0.64922 0.54905)
169.0760247 4.957604176 23 (4.9576)
171.0552893 3.952381719 36 43 44 30 33 (1.2031 1.001 1.001 0.38372 0.36348)
181.0396392 8.237275291 41 35 29 39 (4.1599 1.5722 1.3091 1.1961)
197.0709393 13.57540416 0 (13.575)

0 197.0709393 [OH2+]c1cccc2nc3ccccc3nc12
1 67.01784114 C=C=C=C=[OH+]
2 49.00727645 [C+]#CC#C
3 39.02292652 [C+]#CC
4 65.00219107 [CH+]=C=C=C=O
5 131.0603746 C1=CC=C2[NH+]=CC=NC2=C1
6 104.0494756 C#[N+]C1=CC=CC=C1
7 79.05422664 C1=CC=[CH2+]C=C1
8 51.02292652 C#CC#[CH2+]
9 53.00219107 [CH+]=C=C=O
10 143.0603746 [CH+]=C1CN=C2C=CC=CC2=N1
11 116.0494756 [C+]#CN=C1C=CC=CC1
12 153.0447246 [C+]#CC1=NC2=CC=CC=C2N=C1
13 50.00252542 [C+]#CC#N
14 155.0603746 [CH2+]#CC1=NC2=CC=CC=C2N=C1
15 25.00727645 [C+]#C
16 128.0494756 C#CC#[N+]C1=CC=CC=C1
17 52.01817548 C#CC#[NH+]
18 129.0447246 [C+]#CC1=NC(=C)C(=C)N=C1
19 129.0447246 C#CC1=CN=CC(C#[CH2+])=N1
20 129.0447246 C#CC1=CN=C(C#[CH2+])C=N1
21 167.0603746 [C+]#CC=C1CN=C2C=CC=CC2=N1
22 140.0494756 [C+]#CC#CN=C1C=CC=CC1
23 169.0760247 [CH2+]#CC=C1CN=C2C=CC=CC2=N1
24 142.0651257 C#CC#C[NH+]=C1C=CC=CC1
25 63.02292652 [C+]#CC#CC
26 91.02907452 [C+]#CC=C(N)C#N
27 152.0494756 C#CC#CC#[N+]C1=CC=CC=C1
28 153.0447246 [C+]#CC=C1C=NC(=C)C(C#C)=N1
29 181.0396392 [C+]#CC(=O)C1=NC2=CC=CC=C2N=C1
30 171.0552893 [CH2+]C(=O)C1=NC2=CC=CC=C2N=C1
31 157.0396392 [O+]#CC1=NC2=CC=CC=C2N=C1
32 41.03857658 [CH2+]#CC
33 171.0552893 C=C1N=C2C=CC=CC2=NC1=C=[OH+]
34 169.0396392 [CH+]=C1N=C2C=CC=CC2=NC1=C=O
35 181.0396392 C#CC1=NC2=CC=CC=C2N=C1C#[O+]
36 171.0552893 C=C1N=C2C(=O)C=CC=C2N=C1[CH2+]
37 143.0603746 [C+]#CC=C1C=NC(=C)C(C)=N1
38 130.0287402 [C+]#CN=C1C=CC=CC1=O
39 181.0396392 [C+]#CC=C1C=NC2=CC=CC(=O)C2=N1
40 153.0447246 [C+]#CC=C1C=NC(=CC#C)C=N1
41 181.0396392 [C+]#CC1=NC2=CC=CC(=O)C2=NC1=C
42 169.0396392 [C+]#CC1=NC2=CC=CC(=O)C2N=C1
43 171.0552893 C#CC1=NC2=CC=CC(=[OH+])C2N=C1
44 171.0552893 C#CC1=NC2C(=[OH+])C=CC=C2N=C1
45 169.0396392 [C+]#CC1=NC2C(=O)C=CC=C2N=C1
46 157.0396392 [CH+]=C1C=NC2=CC=CC(=O)C2=N1
47 129.0447246 [C+]#CC=C1C=NC(=C)C=N1
48 147.0552893 [OH+]=C1C=CC=C2N=CC=NC12