energy0
15.02292652 0.4328684348 1 (0.43287)
25.00727645 6.764405181e-05 22 (6.7644e-05)
39.02292652 0.01309200981 32 (0.013092)
49.00727645 0.005224481179 5 (0.0052245)
50.00252542 2.982699318e-06 21 (2.9827e-06)
51.02292652 0.01631792296 4 (0.016318)
52.01817548 1.525921981e-06 23 (1.5259e-06)
53.03857658 0.01725827902 3 (0.017258)
55.01784114 0.001536758729 20 (0.0015368)
57.0334912 0.003336447593 19 (0.0033364)
79.01784114 0.001981011082 13 (0.001981)
79.05422664 9.664021018e-08 14 (9.664e-08)
81.0334912 0.004861825885 12 (0.0048618)
104.0494756 1.810990086e-05 15 (1.811e-05)
116.0494756 0.0001718212305 17 (0.00017182)
128.0494756 4.87460139e-05 24 (4.8746e-05)
129.0447246 2.593442309e-05 25 26 27 (1.9094e-05 3.4204e-06 3.4204e-06)
131.0603746 0.0007490934062 8 (0.00074909)
133.0760247 0.0002500606799 16 (0.00025006)
140.0494756 3.740429154e-05 29 (3.7404e-05)
143.0603746 0.03538112731 18 (0.035381)
153.0447246 0.03085287185 9 (0.030853)
155.0603746 0.08376575165 10 11 (0.083212 0.00055379)
157.0760247 0.004081834021 28 (0.0040818)
161.0709393 0.0004338750698 39 (0.00043388)
167.0603746 0.01492330755 30 6 (0.01483 9.3426e-05)
181.0760247 1.088851032 7 (1.0889)
183.0552893 0.01096751056 35 38 (0.0054838 0.0054838)
183.0916748 0.2292862037 2 (0.22929)
185.0709393 0.1390984605 33 34 36 37 31 (0.0502 0.044964 0.015893 0.015893 0.012148)
211.0865894 97.86450744 0 (97.865)
energy1
15.02292652 0.4799188668 1 (0.47992)
25.00727645 0.0007740678941 22 (0.00077407)
39.02292652 0.01140651016 32 (0.011407)
49.00727645 0.1159620055 5 (0.11596)
50.00252542 5.641738339e-06 21 (5.6417e-06)
51.02292652 0.5585717802 4 (0.55857)
52.01817548 3.899190854e-05 23 (3.8992e-05)
53.03857658 0.09631857578 3 (0.096319)
55.01784114 0.246566447 20 (0.24657)
57.0334912 0.2938439133 19 (0.29384)
79.01784114 0.1420650232 13 (0.14207)
79.05422664 4.522735982e-05 14 (4.5227e-05)
81.0334912 1.604178841 12 (1.6042)
104.0494756 0.0005162935117 15 (0.00051629)
116.0494756 0.004311824213 17 (0.0043118)
128.0494756 0.002543659745 24 (0.0025437)
129.0447246 0.002043338425 25 26 27 (0.0010429 0.00050024 0.00050024)
131.0603746 0.1146563217 8 (0.11466)
133.0760247 0.01812326554 16 (0.018123)
140.0494756 0.0007397841043 29 (0.00073978)
143.0603746 0.07283498318 18 (0.072835)
153.0447246 0.860579825 9 (0.86058)
155.0603746 0.4077709667 10 11 (0.36562 0.042153)
157.0760247 0.06010931441 28 (0.060109)
161.0709393 0.01540886494 39 (0.015409)
167.0603746 0.1979456968 30 6 (0.1907 0.0072504)
181.0760247 8.507884266 7 (8.5079)
183.0552893 0.571201929 35 38 (0.2856 0.2856)
183.0916748 0.879048753 2 (0.87905)
185.0709393 2.308893571 31 34 36 37 33 (0.5794 0.49827 0.45019 0.45019 0.33085)
211.0865894 82.42569145 0 (82.426)
energy2
15.02292652 5.027584074 1 (5.0276)
25.00727645 0.4717037138 22 (0.4717)
39.02292652 1.549870014 32 (1.5499)
49.00727645 8.130439881 5 (8.1304)
50.00252542 0.2174295747 21 (0.21743)
51.02292652 11.66268496 4 (11.663)
52.01817548 0.127443636 23 (0.12744)
53.03857658 6.14429372 3 (6.1443)
55.01784114 0.03978528039 20 (0.039785)
57.0334912 0.05204272336 19 (0.052043)
79.01784114 0.3309198612 13 (0.33092)
79.05422664 0.16550217 14 (0.1655)
81.0334912 0.4324248755 12 (0.43242)
104.0494756 2.21764578 15 (2.2176)
116.0494756 1.010411838 17 (1.0104)
128.0494756 0.4392296996 24 (0.43923)
129.0447246 0.616823157 25 26 27 (0.36107 0.12788 0.12788)
131.0603746 3.280485615 8 (3.2805)
133.0760247 0.5605292522 16 (0.56053)
140.0494756 0.5946472981 29 (0.59465)
143.0603746 1.939802668 18 (1.9398)
153.0447246 8.068041897 9 (8.068)
155.0603746 8.951319761 10 11 (8.3213 0.62997)
157.0760247 0.9503954573 28 (0.9504)
161.0709393 0.5795368201 39 (0.57954)
167.0603746 6.865869284 30 6 (6.4559 0.41)
181.0760247 14.5789182 7 (14.579)
183.0552893 0.5524248548 35 38 (0.27621 0.27621)
183.0916748 3.436275667 2 (3.4363)
185.0709393 2.536248409 34 36 37 33 31 (0.84127 0.57845 0.57845 0.31513 0.22296)
211.0865894 8.469269866 0 (8.4693)

0 211.0865894 C[OH+]c1cccc2nc3ccccc3nc21
1 15.02292652 [CH3+]
2 183.0916748 C1=CC2=C(C=C1)[NH+]=C1C=CC=CC1N2
3 53.03857658 C=CC#[CH2+]
4 51.02292652 C#CC#[CH2+]
5 49.00727645 [C+]#CC#C
6 167.0603746 [C+]#CC1=NC2=CC=CC=C2NC1=C
7 181.0760247 C1=CC2=NC3=C(C=CC=C3)[NH+]=C2C=C1
8 131.0603746 C1=CC2=NC=C[NH+]=C2C=C1
9 153.0447246 [C+]#CC1=CN=C2C=CC=CC2=N1
10 155.0603746 [CH2+]#CC1=CN=C2C=CC=CC2=N1
11 155.0603746 [CH+]=C1N=C2C=CC=CC2=NC1=C
12 81.0334912 C#CC#C[OH+]C
13 79.01784114 C#CC#C[O+]=C
14 79.05422664 C1=CC=[CH2+]C=C1
15 104.0494756 C#[N+]C1=CC=CC=C1
16 133.0760247 C1=CC2=[NH+]C=CNC2C=C1
17 116.0494756 [C+]#CN=C1C=CC=CC1
18 143.0603746 [CH+]=C1C=NC2=CC=CC=C2N1
19 57.0334912 C#C[OH+]C
20 55.01784114 C#C[O+]=C
21 50.00252542 [C+]#CC#N
22 25.00727645 [C+]#C
23 52.01817548 C#CC#[NH+]
24 128.0494756 C#CC#[N+]C1=CC=CC=C1
25 129.0447246 [C+]#CC1=NC(=C)C(=C)N=C1
26 129.0447246 C#CC1=NC=C(C#[CH2+])N=C1
27 129.0447246 C#CC1=NC(C#[CH2+])=CN=C1
28 157.0760247 [CH2+]#CC1=CN=C2C=CC=CC2N1
29 140.0494756 [C+]#CC#CN=C1C=CC=CC1
30 167.0603746 [C+]#CC=C1C=NC2=CC=CC=C2N1
31 185.0709393 C=[O+]C(=C)C1=CN=C2C=CC=CC2=N1
32 39.02292652 [C+]#CC
33 185.0709393 C=C1N=C2C=CC=CC2=NC1=C=[O+]C
34 185.0709393 C=[O+]C1=CC=CC2=NC(=C)C(=C)N=C12
35 183.0552893 C#CC1=NC2=C(C=CC=C2[O+]=C)N=C1
36 185.0709393 C#CC1=NC2=C(C=CC=C2[OH+]C)N=C1
37 185.0709393 C#CC1=NC2=C(N=C1)C([OH+]C)=CC=C2
38 183.0552893 C#CC1=NC2=C(N=C1)C([O+]=C)=CC=C2
39 161.0709393 C[OH+]C1=CC=CC2=C1N=CC=N2