energy0
39.02292652 0.007125559361 24 (0.0071256)
41.00219107 0.0005026618598 30 (0.00050266)
49.00727645 0.004471398854 4 (0.0044714)
51.02292652 0.0138392433 3 (0.013839)
53.00219107 0.002245994465 22 (0.002246)
59.01275576 0.001052004716 44 (0.001052)
67.01784114 0.0003951479066 14 (0.00039515)
92.99710569 0.002168561202 23 (0.0021686)
111.0076704 0.006324532378 51 (0.0063245)
153.0447246 0.02584821304 9 (0.025848)
155.0603746 0.03163114633 10 6 (0.031341 0.00028984)
167.0603746 0.002097965346 7 (0.002098)
169.0396392 0.00935147689 21 (0.0093515)
169.0760247 0.0006619398496 8 (0.00066194)
171.0552893 0.003070538861 20 (0.0030705)
181.0396392 0.03266992864 11 5 2 37 (0.019144 0.0068942 0.0059102 0.00072138)
187.0502039 0.02067942842 50 (0.020679)
191.0451185 0.0003538246331 33 (0.00035382)
193.0396392 0.008024756382 17 (0.0080248)
195.0189038 0.0002909926678 25 28 (0.0001455 0.0001455)
195.0552893 0.02941184019 18 (0.029412)
197.0345538 0.01693198387 16 29 26 27 (0.0074139 0.0046713 0.0024234 0.0024234)
197.0709393 1.705126334 1 (1.7051)
199.0502039 0.03056324392 40 (0.030563)
211.0502039 0.0133428711 41 (0.013343)
213.0294684 0.009079148359 34 39 (0.0045396 0.0045396)
213.0658539 0.07662192288 43 (0.076622)
215.0451185 0.07452942766 31 49 35 38 (0.031485 0.020542 0.011251 0.011251)
223.0502039 23.5122779 15 (23.512)
225.0294684 0.06868088604 32 36 (0.06092 0.0077604)
241.0607686 74.29062913 0 (74.291)
energy1
39.02292652 0.01995412326 24 (0.019954)
41.00219107 0.1333307379 30 (0.13333)
43.01784114 0.04861454831 19 (0.048615)
49.00727645 0.03081732468 4 (0.030817)
51.02292652 0.2127951694 3 (0.2128)
53.00219107 0.01515796888 22 (0.015158)
59.01275576 0.1811085215 44 (0.18111)
67.01784114 0.07786809619 14 (0.077868)
92.99710569 0.03498332194 23 (0.034983)
111.0076704 0.1112329875 51 (0.11123)
153.0447246 1.280988144 9 (1.281)
155.0603746 1.608402379 10 6 (1.5068 0.1016)
167.0603746 2.42456516 7 (2.4246)
169.0396392 0.04244550637 21 (0.042446)
169.0760247 1.459623935 8 (1.4596)
171.0552893 0.03282871186 20 (0.032829)
181.0396392 0.6396417124 5 11 2 37 (0.40109 0.16881 0.056325 0.013413)
187.0502039 0.0591634139 50 (0.059163)
193.0396392 0.1056676557 17 (0.10567)
195.0189038 0.06931426975 25 28 (0.034657 0.034657)
195.0552893 0.3040573922 18 (0.30406)
197.0345538 0.369530278 16 26 27 29 (0.12191 0.097219 0.097219 0.053178)
197.0709393 21.58444794 1 (21.584)
199.0502039 0.5753283945 40 (0.57533)
211.0502039 0.1085234916 41 (0.10852)
213.0294684 0.3121509154 34 39 (0.15608 0.15608)
213.0658539 0.1111113191 43 (0.11111)
215.0451185 0.6183884695 31 35 38 49 (0.18113 0.17226 0.17226 0.092727)
223.0502039 35.92866053 15 (35.929)
225.0294684 0.1406088054 32 36 (0.097955 0.042654)
241.0607686 31.35868877 0 (31.359)
energy2
41.00219107 0.8009888409 30 (0.80099)
49.00727645 4.198550262 4 (4.1986)
51.02292652 5.611394675 3 (5.6114)
53.00219107 1.216151293 22 (1.2162)
59.01275576 1.85576621 44 (1.8558)
67.01784114 1.933467286 14 (1.9335)
92.99710569 1.429831375 23 (1.4298)
104.0494756 1.034825422 48 (1.0348)
107.0127558 0.7415871298 45 (0.74159)
111.0076704 1.669260201 51 (1.6693)
153.0447246 14.80292552 9 (14.803)
155.0603746 7.20074128 10 6 (6.1806 1.0202)
160.0393049 1.248096135 42 (1.2481)
167.0603746 3.321183851 7 (3.3212)
169.0396392 3.717796921 21 (3.7178)
169.0760247 0.9313328073 8 (0.93133)
171.0552893 1.203426015 20 (1.2034)
181.0396392 6.037506063 11 2 5 37 (2.3892 1.9104 1.3073 0.43056)
187.0502039 1.615693875 50 (1.6157)
193.0396392 2.04673486 17 (2.0467)
195.0552893 4.60613228 18 (4.6061)
197.0345538 2.906917329 16 26 27 29 (1.0271 0.64184 0.64184 0.59611)
197.0709393 2.745705844 1 (2.7457)
199.0502039 1.154426545 40 (1.1544)
211.0502039 0.7366968767 41 (0.7367)
213.0294684 0.7293132501 34 39 (0.36466 0.36466)
213.0658539 2.994197657 43 (2.9942)
215.0451185 1.079090692 31 35 38 49 (0.36188 0.25124 0.25124 0.21473)
223.0502039 13.63232701 15 (13.632)
225.0294684 1.569980355 32 36 (1.2652 0.30475)
241.0607686 5.227952135 0 (5.228)

0 241.0607686 OC(=[OH+])c1c(O)ccc2nc3ccccc3nc21
1 197.0709393 [OH2+]C1=CC2=NC3=CC=CC=C3N=C2C=C1
2 181.0396392 [C+]#CC1=NC2=CC(=O)C=CC2=NC1=C
3 51.02292652 C#C[CH+]#C
4 49.00727645 [C+]#CC#C
5 181.0396392 [CH+]=C1N=C2C=CC=CC2=NC1=C=C=O
6 155.0603746 [CH+]=C1N=C2C=CC=CC2=NC1=C
7 167.0603746 [C+]#CC1=NC2=CC=CC=C2NC1=C
8 169.0760247 C#[CH+]C1=NC2=CC=CC=C2NC1=C
9 153.0447246 [C+]#CC1=NC2=CC=CC=C2N=C1
10 155.0603746 C#[CH+]C1=NC2=CC=CC=C2N=C1
11 181.0396392 [O+]#CC#CC1=NC2=CC=CC=C2N=C1
12 145.0760247 [CH3+]=C1C=NC2=CC=CC=C2N1
13 143.0603746 [CH+]=C1C=NC2=CC=CC=C2N1
14 67.01784114 [C+]#CC(=C)O
15 223.0502039 [O+]#CC1=C(O)C=CC2=NC3=CC=CC=C3N=C12
16 197.0345538 [CH+]=C1N=C2C(=C=O)C(=O)C=CC2=NC1=C
17 193.0396392 [C+]#CC1=NC2=CC=CC=C2NC1=C=C=O
18 195.0552893 C#CC1=NC2=CC=CC=C2NC1=C=C=[OH+]
19 43.01784114 C#C[OH2+]
20 171.0552893 [OH+]=C=CC1=NC2=CC=CC=C2N=C1
21 169.0396392 O=C=[C+]C1=NC2=CC=CC=C2N=C1
22 53.00219107 C#CC#[O+]
23 92.99710569 [C+]#CC(O)=C=C=O
24 39.02292652 [C+]#CC
25 195.0189038 [C+]#CC1=CN=C2C=CC(=O)C(=C=O)C2=N1
26 197.0345538 C#CC1=CN=C2C=CC(=O)C(=C=[OH+])C2=N1
27 197.0345538 C#CC1=CN=C2C(=C=[OH+])C(=O)C=CC2=N1
28 195.0189038 [C+]#CC1=CN=C2C(=C=O)C(=O)C=CC2=N1
29 197.0345538 O=C=C(C#[O+])C1=NC2=CC=CC=C2N=C1
30 41.00219107 [C+]#CO
31 215.0451185 [CH+]=C1N=C2C(=NC1=C)C=CC(O)=C2C(=O)O
32 225.0294684 [C+]#CC1=NC2=C(C(=O)O)C(=O)C=CC2=NC1=C
33 191.0451185 OC(=[OH+])C1=C(O)C=CC2=NC=CN=C21
34 213.0294684 [C+]#CC1=CN=C2C=CC(O)=C(C(=O)O)C2=N1
35 215.0451185 C#CC1=CN=C2C=CC(O)=C(C(O)=[OH+])C2=N1
36 225.0294684 [C+]#CC=C1C=NC2=C(C(=O)O)C(=O)C=CC2=N1
37 181.0396392 [C+]#CC=C1C=NC2=CC(=O)C=CC2=N1
38 215.0451185 C#CC1=CN=C2C(=N1)C=CC(O)=C2C(O)=[OH+]
39 213.0294684 [C+]#CC1=CN=C2C(=N1)C=CC(O)=C2C(=O)O
40 199.0502039 [CH+]=C1N=C2C=CC=CC2=NC1=C=C(O)O
41 211.0502039 [C+]#CC1=NC2=CC=CC=C2NC1=C=C(O)O
42 160.0393049 O=C(O)[C+]=C=NC1=CC=CC=C1
43 213.0658539 C#CC1=NC2=CC=CC=C2NC1=C=C(O)[OH2+]
44 59.01275576 [CH+]=C(O)O
45 107.0127558 [CH2+]C#CC#CC(=O)O
46 196.0393049 [C+]#CC(C#CC(=O)O)=NC1=CC=CC=C1
47 128.0494756 [CH+]=C=C=NC1=CC=CC=C1
48 104.0494756 C#[N+]C1=CC=CC=C1
49 215.0451185 O=C=C(C(O)=[OH+])C1=NC2=CC=CC=C2N=C1
50 187.0502039 O=C(O)[C+]=C1C=NC2=CC=CC=C2N1
51 111.0076704 [C+]#CC(O)=C=C(O)O