energy0
29.00219107 0.008530171753 8 (0.0085302)
39.02292652 0.01498752497 13 (0.014988)
44.0130901 0.0096678001 34 (0.0096678)
49.00727645 0.003855847992 6 (0.0038558)
51.02292652 0.01188101838 5 (0.011881)
53.03857658 0.01266709977 4 (0.012667)
77.00219107 0.001121951586 21 (0.001122)
79.01784114 0.002217993994 20 (0.002218)
92.0130901 0.0002778033683 46 (0.0002778)
94.02874017 0.0009564802276 45 (0.00095648)
96.04439023 0.000617872327 44 (0.00061787)
116.0494756 0.0002081436293 43 (0.00020814)
143.0603746 0.08581109113 19 (0.085811)
153.0447246 0.005345518865 16 (0.0053455)
155.0603746 0.02735134361 17 33 (0.026591 0.00076067)
157.0760247 0.03191017601 18 32 (0.031864 4.5913e-05)
167.0603746 0.01058302984 14 31 (0.0080999 0.0024832)
169.0396392 0.01211023465 12 29 (0.0085473 0.0035629)
176.0818384 0.0002590189682 59 (0.00025902)
181.0396392 0.001583837712 11 25 28 (0.00097485 0.00030449 0.00030449)
181.0760247 4.125390469 2 (4.1254)
183.0552893 0.02150214023 23 15 26 27 10 (0.011365 0.0026767 0.0026767 0.0026767 0.0021068)
183.0916748 0.5277036204 30 (0.5277)
186.0661883 0.04185345399 38 50 58 (0.016209 0.012822 0.012822)
193.0396392 0.01203355995 24 9 (0.010927 0.0011067)
198.0661883 0.03308900388 48 37 53 56 40 (0.019036 0.0041636 0.0033232 0.0033232 0.003243)
200.0818384 0.05267948807 49 39 54 55 36 (0.022495 0.0080385 0.0080385 0.0080385 0.006069)
208.0869237 1.589967635 1 (1.59)
209.0709393 45.12514484 7 (45.125)
210.0661883 0.1124194024 47 52 42 51 57 35 (0.047405 0.042523 0.0060388 0.0060388 0.0060388 0.0043752)
226.0974884 48.11627243 0 (48.116)
energy1
29.00219107 0.02041049451 8 (0.02041)
39.02292652 0.01763596457 13 (0.017636)
44.0130901 0.04780433996 34 (0.047804)
49.00727645 0.06094483639 6 (0.060945)
51.02292652 0.2045104884 5 (0.20451)
53.03857658 0.06611696206 4 (0.066117)
77.00219107 0.07162928332 21 (0.071629)
78.03382555 0.004848744579 3 (0.0048487)
79.01784114 0.08253557632 20 (0.082536)
92.0130901 0.0124880765 46 (0.012488)
94.02874017 0.0642797367 45 (0.06428)
96.04439023 0.02158831174 44 (0.021588)
133.0760247 0.004128908355 22 (0.0041289)
143.0603746 0.01406298719 19 (0.014063)
153.0447246 0.03921783999 16 (0.039218)
155.0603746 0.256040547 17 33 (0.21366 0.042381)
157.0760247 0.3142756755 18 32 (0.23263 0.081646)
167.0603746 0.1785206656 14 31 (0.13417 0.04435)
169.0396392 0.0250075516 12 29 (0.015085 0.0099222)
181.0396392 0.2057779026 11 25 28 (0.087342 0.059218 0.059218)
181.0760247 18.65292966 2 (18.653)
183.0552893 0.431313915 23 15 26 27 10 (0.11015 0.084917 0.084917 0.084917 0.066414)
183.0916748 20.56206327 30 (20.562)
186.0661883 0.009709548077 38 50 58 (0.0038849 0.0029123 0.0029123)
193.0396392 0.07447665488 24 9 (0.045934 0.028543)
198.0661883 0.2692519945 37 53 56 48 40 (0.062273 0.057678 0.057678 0.046992 0.04463)
200.0818384 0.3393036021 36 49 39 54 55 (0.15255 0.048468 0.046095 0.046095 0.046095)
208.0869237 2.028891288 1 (2.0289)
209.0709393 49.17949941 7 (49.179)
210.0661883 0.1426695217 47 35 52 42 51 57 (0.035939 0.032318 0.027463 0.01565 0.01565 0.01565)
226.0974884 6.598066238 0 (6.5981)
energy2
29.00219107 0.5949491395 8 (0.59495)
39.02292652 1.842454867 13 (1.8425)
44.0130901 0.2433733577 34 (0.24337)
49.00727645 3.974866728 6 (3.9749)
51.02292652 7.479241277 5 (7.4792)
53.03857658 4.649861128 4 (4.6499)
77.00219107 1.021883766 21 (1.0219)
78.03382555 0.2358510034 3 (0.23585)
79.01784114 1.43819456 20 (1.4382)
104.0494756 0.335872045 41 (0.33587)
116.0494756 0.239740941 43 (0.23974)
133.0760247 0.1942519885 22 (0.19425)
143.0603746 2.088592049 19 (2.0886)
153.0447246 1.275952216 16 (1.276)
155.0603746 3.110795524 17 33 (2.2591 0.85169)
157.0760247 1.783440244 18 32 (1.7103 0.073093)
167.0603746 3.910186174 14 31 (2.1253 1.7849)
169.0396392 0.4540081372 12 29 (0.3398 0.11421)
176.0818384 0.2050149308 59 (0.20501)
181.0396392 0.642991556 11 25 28 (0.30058 0.17121 0.17121)
181.0760247 29.88119096 2 (29.881)
183.0552893 2.641816329 23 15 26 27 10 (0.9686 0.48036 0.48036 0.48036 0.23213)
183.0916748 2.623288489 30 (2.6233)
186.0661883 0.3684974016 38 50 58 (0.12777 0.12036 0.12036)
193.0396392 0.8435850729 24 9 (0.7316 0.11199)
198.0661883 0.7552075464 48 53 56 37 40 (0.21067 0.17098 0.17098 0.15708 0.045494)
200.0818384 0.6384162257 36 49 39 54 55 (0.16594 0.15326 0.10641 0.10641 0.10641)
208.0869237 3.7871261 1 (3.7871)
209.0709393 19.8705029 7 (19.871)
210.0661883 1.461823376 47 52 35 42 51 57 (0.49868 0.42163 0.18117 0.12012 0.12012 0.12012)
226.0974884 1.407023964 0 (1.407)

0 226.0974884 [NH3+]C(=O)c1cccc2c1Nc1ccccc1N2
1 208.0869237 [NH+]#CC1=C2N=C3CC=CC=C3N=C2C=CC1
2 181.0760247 C1=CC2=NC3=CC=CC=C3[NH+]=C2C=C1
3 78.03382555 C#CC=CC#[NH+]
4 53.03857658 C=CC#[CH2+]
5 51.02292652 C#CC#[CH2+]
6 49.00727645 [C+]#CC#C
7 209.0709393 [OH+]=C=C1CC=CC2=C1N=C1C=CC=CC1=N2
8 29.00219107 C#[O+]
9 193.0396392 [C+]#CC1=NC2=CC=CCC2=NC1=C=C=O
10 183.0552893 C=C1N=C2C=CC=CC2=NC1=C=C=[OH+]
11 181.0396392 [CH+]=C1N=C2C=CC=CC2=NC1=C=C=O
12 169.0396392 O=C=[C+]C1=CN=C2C=CC=CC2=N1
13 39.02292652 [C+]#CC
14 167.0603746 [CH2+]C#CC1=CN=C2C=CC=CC2=N1
15 183.0552893 [CH2+]C(=C=O)C1=CN=C2C=CC=CC2=N1
16 153.0447246 [C+]#CC1=CN=C2C=CC=CC2=N1
17 155.0603746 C#[CH+]C1=CN=C2C=CC=CC2=N1
18 157.0760247 C=[CH2+]C1=CN=C2C=CC=CC2=N1
19 143.0603746 [CH2+]C1=CN=C2C=CC=CC2=N1
20 79.01784114 C#CC#CC=[OH+]
21 77.00219107 C#CC#CC#[O+]
22 133.0760247 C1=CC2=[NH+]C=CNC2C=C1
23 183.0552893 [CH+]=C1N=C2C=CCC(=C=O)C2=NC1=C
24 193.0396392 [C+]#CC1=NC2=CC=CC(=C=O)C2=NC1=C
25 181.0396392 [C+]#CC1=NC2=C(N=C1)C(=C=O)CC=C2
26 183.0552893 C#CC1=NC2=C(N=C1)C(=C=[OH+])CC=C2
27 183.0552893 C#CC1=NC2=C(C=CCC2=C=[OH+])N=C1
28 181.0396392 [C+]#CC1=NC2=C(C=CCC2=C=O)N=C1
29 169.0396392 [CH+]=C1C=NC2=CC=CC(=C=O)C2=N1
30 183.0916748 C1=CC2=NC3=CCCC=C3[NH+]=C2C=C1
31 167.0603746 C#CC1=NC2=CC=CCC2=NC1=[CH+]
32 157.0760247 C=C1N=C2C=CC=CC2=NC1=[CH3+]
33 155.0603746 [CH+]=C1N=C2C=CC=CC2=NC1=C
34 44.0130901 [NH2+]=C=O
35 210.0661883 C#CC1=NC2=CC=CCC2=NC1=[C+]C(N)=O
36 200.0818384 C=C1N=C2C=CC=CC2=NC1=CC([NH3+])=O
37 198.0661883 C=C1N=C2C=CC=CC2=NC1=[C+]C(N)=O
38 186.0661883 NC(=O)[C+]=C1C=NC2=CC=CCC2=N1
39 200.0818384 C=C(C([NH3+])=O)C1=CN=C2C=CC=CC2=N1
40 198.0661883 [CH+]=C(C(N)=O)C1=CN=C2C=CC=CC2=N1
41 104.0494756 C#[N+]C1=CC=CC=C1
42 210.0661883 [C+]#CC(C(N)=O)=C1C=NC2=CC=CCC2=N1
43 116.0494756 [CH+]=C=NC1=CC=CC=C1
44 96.04439023 C#CC=CC([NH3+])=O
45 94.02874017 C#CC#CC([NH3+])=O
46 92.0130901 [C+]#CC#CC(N)=O
47 210.0661883 C#CC1=NC2=C(C(N)=O)CC=CC2=NC1=[CH+]
48 198.0661883 [CH+]=C1N=C2C=CC=C(C(N)=O)C2=NC1=C
49 200.0818384 C=C1N=C2C=CC=C(C([NH3+])=O)C2=NC1=C
50 186.0661883 [CH+]=C1C=NC2=C(C(N)=O)CC=CC2=N1
51 210.0661883 [C+]#CCC1=NC2=C(C(N)=O)C=CC=C2N=C1
52 210.0661883 [C+]#CC1=NC2=CC=CC(C(N)=O)=C2N=C1C
53 198.0661883 C#CC1=NC2=CC=CC(C([NH3+])=O)=C2N=C1
54 200.0818384 C#CC1=NC2=C(N=C1)C(C([NH3+])=O)CC=C2
55 200.0818384 C#CC1=NC2=C(C([NH3+])=O)CCC=C2N=C1
56 198.0661883 C#CC1=NC2=C(C([NH3+])=O)C=CC=C2N=C1
57 210.0661883 [CH+]=C=C=C1C=NC2=C(C(N)=O)CC=CC2=N1
58 186.0661883 [CH2+]C1=NC2=C(C(N)=O)C=CC=C2N=C1
59 176.0818384 [NH3+]C(=O)C1=CC=CC2=NC=CNC21