energy0
15.02292652 0.423221865 10 (0.42322)
39.02292652 0.01312039808 3 (0.01312)
41.03857658 0.009276397137 23 (0.0092764)
45.0334912 0.001567474201 31 (0.0015675)
53.00219107 0.001572988346 72 (0.001573)
55.01784114 0.001502511717 39 (0.0015025)
57.0334912 0.003262094113 38 (0.0032621)
65.00219107 0.001833890681 9 (0.0018339)
67.01784114 0.005863134866 26 (0.0058631)
69.0334912 0.005629486294 73 (0.0056295)
79.01784114 0.001976958232 28 (0.001977)
81.0334912 0.004749534948 50 (0.0047495)
153.0447246 0.002713649057 18 32 (0.0027096 4.0251e-06)
157.0396392 0.0440863739 7 (0.044086)
159.0552893 0.03566717602 8 62 (0.034624 0.0010431)
167.0603746 0.001278573307 17 (0.0012786)
169.0396392 0.02965968576 6 37 (0.02883 0.00082992)
171.0552893 0.08091802384 21 (0.080918)
173.0709393 0.03900804448 71 47 (0.035063 0.0039454)
181.0396392 0.007584260599 4 22 20 (0.0066431 0.00079554 0.00014557)
181.0760247 0.009008149702 12 (0.0090081)
183.0552893 0.04765997518 29 5 57 67 13 (0.029828 0.016827 0.00067235 0.00024247 9.0595e-05)
185.0709393 0.08797593967 68 (0.087976)
187.0502039 0.02172232981 60 (0.021722)
197.0709393 1.091625405 19 65 (1.0636 0.028072)
199.0502039 0.03213042289 58 (0.03213)
199.0865894 0.2784631273 11 61 (0.22241 0.056056)
201.0658539 0.105307384 30 59 66 36 (0.049502 0.031476 0.012459 0.011871)
209.0709393 2.07909254 27 (2.0791)
211.0502039 0.575082417 1 56 70 (0.48878 0.076175 0.010131)
227.081504 94.95743979 0 (94.957)
energy1
15.02292652 0.4280712263 10 (0.42807)
39.02292652 0.06909486591 3 (0.069095)
49.00727645 0.2183451881 16 (0.21835)
51.02292652 0.270034097 15 (0.27003)
55.01784114 0.2199288435 39 (0.21993)
57.0334912 0.2620987275 38 (0.2621)
65.00219107 0.08319367141 9 (0.083194)
67.01784114 1.398453731 26 (1.3985)
69.0334912 0.3651350155 73 (0.36514)
79.01784114 0.1329908333 28 (0.13299)
81.0334912 1.420921243 50 (1.4209)
147.0552893 0.1007235773 51 (0.10072)
153.0447246 0.1794351037 18 32 (0.17725 0.0021901)
155.0603746 0.07202379171 25 33 (0.06357 0.0084541)
159.0552893 0.6197515472 62 8 (0.55675 0.063003)
161.0709393 0.1283668046 74 (0.12837)
167.0603746 0.5023895617 17 (0.50239)
169.0396392 0.6523196197 6 37 (0.53846 0.11386)
169.0760247 0.1486445531 24 (0.14864)
171.0552893 0.3024570459 21 (0.30246)
173.0709393 0.127289598 71 47 (0.0824 0.04489)
181.0760247 0.2405442107 12 (0.24054)
183.0552893 1.196562711 29 5 67 57 13 (0.90002 0.2564 0.02393 0.010825 0.005393)
185.0709393 0.8542064075 68 (0.85421)
197.0709393 8.342948245 19 65 (7.1849 1.1581)
199.0502039 0.202946829 58 (0.20295)
199.0865894 1.736354231 61 11 (1.0355 0.70084)
201.0658539 1.680117809 66 36 30 59 (0.60256 0.51264 0.30507 0.25984)
209.0709393 6.233671334 27 (6.2337)
211.0502039 1.369403501 1 56 70 (1.1636 0.10761 0.0982)
227.081504 70.44157608 0 (70.442)
energy2
15.02292652 2.97227822 10 (2.9723)
39.02292652 3.310308302 3 (3.3103)
41.03857658 1.987390432 23 (1.9874)
49.00727645 3.705079013 16 (3.7051)
51.02292652 4.930073684 15 (4.9301)
63.02292652 0.7314413561 64 (0.73144)
65.00219107 1.404086797 9 (1.4041)
67.01784114 1.005694468 26 (1.0057)
127.0290745 0.9338233202 41 (0.93382)
129.0447246 2.264286549 35 46 (1.1971 1.0672)
141.0447246 1.311653294 34 (1.3117)
147.0552893 1.195054142 51 (1.1951)
153.0447246 6.262495103 18 32 (5.6267 0.63576)
155.0603746 3.079126079 25 33 (1.8039 1.2753)
157.0396392 2.595852029 7 (2.5959)
159.0552893 2.79644362 62 8 (1.4987 1.2978)
161.0709393 0.8593112388 74 (0.85931)
167.0603746 3.430166807 17 (3.4302)
169.0396392 5.103244112 6 37 (4.8587 0.24453)
171.0552893 3.444572416 21 (3.4446)
173.0709393 0.8603652352 47 71 (0.50229 0.35808)
181.0396392 3.831058184 4 22 20 (3.1707 0.35363 0.30674)
181.0760247 1.5668268 12 (1.5668)
183.0552893 7.297430072 5 29 57 67 13 (4.7365 1.9267 0.24806 0.21597 0.17014)
185.0709393 1.67580615 68 (1.6758)
197.0709393 6.548593647 19 65 (5.5638 0.98476)
199.0865894 2.531868936 11 61 (1.3959 1.1359)
201.0658539 0.9193313627 30 59 66 36 (0.4084 0.26246 0.13852 0.10995)
209.0709393 6.582181476 27 (6.5822)
211.0502039 11.5460561 1 56 70 (10.853 0.44035 0.25261)
227.081504 3.318101054 0 (3.3181)

0 227.081504 C[OH+]c1cccc2nc3c(O)cccc3nc21
1 211.0502039 O=C1C=CC=C2N=C3C(=[OH+])C=CC=C3N=C12
2 185.0345538 [CH+]=C1N=C2C(=O)C=CCC2=NC1=C=O
3 39.02292652 [C+]#CC
4 181.0396392 [CH+]=C=C=C1C=NC2=CC=CC(=O)C2=N1
5 183.0552893 C=C=C=C1C=NC2=CC=CC(=[OH+])C2=N1
6 169.0396392 [C+]#CC1=CN=C2CC=CC(=O)C2=N1
7 157.0396392 [CH+]=C1C=NC2=CC=CC(=O)C2=N1
8 159.0552893 C=C1C=NC2=CC=CC(=[OH+])C2=N1
9 65.00219107 [C+]#CC=C=O
10 15.02292652 [CH3+]
11 199.0865894 [OH+]=C1C=CCC2=NC3=CCCC=C3N=C12
12 181.0760247 C1=CC2=NC3=CC=CC=C3[NH+]=C2C=C1
13 183.0552893 C#CC1=C([CH2+])N=C2C(O)=CC=CC2=N1
14 53.03857658 C#CC=[CH3+]
15 51.02292652 C#CC#[CH2+]
16 49.00727645 [C+]#CC#C
17 167.0603746 [C+]#CCC1=NC2=CC=CC=C2N=C1
18 153.0447246 [C+]#CC1=NC2=CC=CC=C2N=C1
19 197.0709393 [OH+]=C1C=CCC2=NC3=CC=CC=C3N=C12
20 181.0396392 C#CC1=NC2=CC=CC(=O)C2=NC1=[CH+]
21 171.0552893 C#CC1=CN=C2CC=CC(=[OH+])C2=N1
22 181.0396392 [C+]#CC1=NC2=CCC=CC2=NC1=C=O
23 41.03857658 [CH2+]#CC
24 169.0760247 [CH2+]#CCC1=NC2=CC=CC=C2N=C1
25 155.0603746 [CH2+]#CC1=NC2=CC=CC=C2N=C1
26 67.01784114 C=C=C=C=[OH+]
27 209.0709393 C=[O+]C1=C2N=C3C=CC=CC3=NC2=CC=C1
28 79.01784114 C#CC#C[O+]=C
29 183.0552893 C#CC1=NC2=C([O+]=C)C=CC=C2N=C1
30 201.0658539 C=C1N=C2C(=O)C=CCC2=NC1=C=[O+]C
31 45.0334912 C=[O+]C
32 153.0447246 [C+]#CC=C1C=NC(=C=C=C)C=N1
33 155.0603746 C=C=C=C1C=NC(=CC#[CH2+])C=N1
34 141.0447246 [C+]#CC1=NC=C(C#CC)N=C1
35 129.0447246 [CH+]=C1C=NC(=C=C=C)C=N1
36 201.0658539 C=[O+]C(=C)C1=CN=C2C(O)=CC=CC2=N1
37 169.0396392 [C+]#CC1=CN=C2C(O)=CC=CC2=N1
38 57.0334912 C#C[OH+]C
39 55.01784114 C#C[O+]=C
40 50.00252542 [C+]#CC#N
41 127.0290745 [C+]#CC1=NC=C(C#C)N=C1
42 144.0443902 [CH+]=C=C=NC1=C(O)C=CC=C1
43 120.0443902 C#[N+]C1=CC=CC(O)=C1
44 52.01817548 C#CC#[NH+]
45 143.0603746 C#CC1=CN=C(CC#[CH2+])C=N1
46 129.0447246 C#CC1=CN=C(C#[CH2+])C=N1
47 173.0709393 C=CC1=CN=C2CC=CC(=[OH+])C2=N1
48 156.0443902 C#CC(=[CH+])N=C1C=CC=CC1=O
49 132.0443902 C#C[NH+]=C1C=CC=CC1=O
50 81.0334912 C#CC#C[OH+]C
51 147.0552893 [OH+]=C1C=CCC2=NC=CN=C12
52 130.0287402 [C+]#CN=C1C=CC=CC1=O
53 117.0447246 [C+]#CCC1=NC=CN=C1
54 103.0290745 [C+]#CC1=NC=CN=C1
55 149.0709393 [OH+]=C1C=CCC2NC=CN=C12
56 211.0502039 C#CC1=NC2=C([O+]=C)CC=CC2=NC1=C=O
57 183.0552893 C#CC1=NC2=CCC=CC2=NC1=C=[OH+]
58 199.0502039 C=[O+]C1=CC=CC2=NC(=C=O)C(=C)N=C12
59 201.0658539 C=C1N=C2C(=NC1=C=O)C=CC=C2[OH+]C
60 187.0502039 C=[O+]C1=C2N=CC(=C=O)N=C2C=CC1
61 199.0865894 C#CCC1=NC2=C([OH+]C)C=CC=C2N=C1
62 159.0552893 C=[O+]C1=C2N=CC=NC2=CC=C1
63 65.03857658 C#CCC#[CH2+]
64 63.02292652 [C+]#CCC#C
65 197.0709393 C#CCC1=NC2=C([O+]=C)C=CC=C2N=C1
66 201.0658539 C=[O+]C1=C2N=CC(C(C)=O)=NC2=CC=C1
67 183.0552893 C#CC1=NC2=CC=CC([O+]=C)=C2N=C1
68 185.0709393 C#CC1=NC2=C([OH+]C)C=CC=C2N=C1
69 107.0491413 C=[O+]C1=CC=CC=C1
70 211.0502039 C#CC(=O)C1=NC2=CC=CC([O+]=C)=C2N=C1
71 173.0709393 C=[O+]C1=C2N=C(C)C=NC2=CC=C1
72 53.00219107 C#CC#[O+]
73 69.0334912 CC=C=C=[OH+]
74 161.0709393 C[OH+]C1=C2N=CC=NC2=CC=C1