energy0
27.0234751 0.0003422954084 20 (0.0003423)
51.0234751 0.005567019918 5 (0.005567)
65.03912516 0.0005026078851 22 (0.00050261)
67.01838972 0.004519492575 11 (0.0045195)
68.05002419 0.005669149612 34 (0.0056691)
78.03437413 2.061306052e-05 24 (2.0613e-05)
121.0401878 6.651805939e-05 23 (6.6518e-05)
129.0452732 2.636839829e-05 13 (2.6368e-05)
131.0609232 1.962110394e-05 15 (1.9621e-05)
132.0449388 0.002016748509 17 (0.0020167)
134.0605889 6.28598015e-05 26 (6.286e-05)
143.0609232 0.0002017882716 7 (0.00020179)
144.0449388 1.983596011e-05 27 (1.9836e-05)
145.0401878 3.974934541e-05 4 (3.9749e-05)
146.0718223 0.000200108023 12 (0.00020011)
155.0609232 0.0003918683066 9 (0.00039187)
158.0718223 0.02703231804 14 (0.027032)
159.0558378 0.0331911937 19 21 (0.033094 9.6719e-05)
168.0449388 8.103789466e-05 25 (8.1038e-05)
169.0401878 0.01126521794 3 2 (0.008928 0.0023373)
170.0718223 0.06631963314 6 (0.06632)
171.0558378 0.03264568388 28 33 (0.01696 0.015686)
182.0718223 0.02110339865 8 (0.021103)
183.0558378 0.3555145086 16 (0.35551)
184.0510868 0.00553681065 31 (0.0055368)
185.0714879 0.6894217767 18 (0.68942)
186.0667369 0.02963609799 10 32 (0.023298 0.0063381)
195.0558378 35.66925379 1 (35.669)
196.0510868 0.01193379834 29 30 (0.006162 0.0057718)
212.0823869 63.02739809 0 (63.027)
energy1
27.0234751 0.0007699504812 20 (0.00076995)
51.0234751 0.03460830291 5 (0.034608)
65.03912516 0.004756528016 22 (0.0047565)
67.01838972 1.226052026 11 (1.2261)
68.05002419 0.04099010881 34 (0.04099)
78.03437413 0.0009849249838 24 (0.00098492)
121.0401878 0.0003325399588 23 (0.00033254)
129.0452732 0.01386957037 13 (0.01387)
131.0609232 0.0004534669007 15 (0.00045347)
132.0449388 0.00501639421 17 (0.0050164)
134.0605889 0.0004728104412 26 (0.00047281)
143.0609232 0.01477852009 7 (0.014779)
144.0449388 0.06108369321 27 (0.061084)
145.0401878 0.008749748487 4 (0.0087497)
146.0718223 0.0881094953 12 (0.088109)
155.0609232 0.1288961574 9 (0.1289)
158.0718223 0.07136945946 14 (0.071369)
159.0558378 0.05189837082 19 21 (0.049904 0.0019945)
168.0449388 0.01972421825 25 (0.019724)
169.0401878 0.8794903482 3 2 (0.79292 0.086573)
170.0718223 0.7538424186 6 (0.75384)
171.0558378 0.4667915898 33 28 (0.34939 0.1174)
182.0718223 1.041006125 8 (1.041)
183.0558378 1.069955046 16 (1.07)
184.0510868 0.1751648511 31 (0.17516)
185.0714879 2.948203629 18 (2.9482)
186.0667369 0.3109837614 10 32 (0.20613 0.10485)
195.0558378 39.06836287 1 (39.068)
196.0510868 0.4256995121 29 30 (0.27706 0.14864)
212.0823869 51.08758356 0 (51.088)
energy2
27.0234751 0.3407923421 20 (0.34079)
51.0234751 10.1202144 5 (10.12)
65.03912516 2.143180092 22 (2.1432)
67.01838972 1.367992877 11 (1.368)
68.05002419 0.3460042812 34 (0.346)
78.03437413 0.11373954 24 (0.11374)
121.0401878 0.2405262948 23 (0.24053)
129.0452732 0.4240501475 13 (0.42405)
131.0609232 0.2561854107 15 (0.25619)
132.0449388 5.237146685 17 (5.2371)
134.0605889 0.5511764607 26 (0.55118)
143.0609232 2.209014095 7 (2.209)
144.0449388 0.1284129346 27 (0.12841)
145.0401878 0.1058596863 4 (0.10586)
146.0718223 0.3728928004 12 (0.37289)
155.0609232 4.086204671 9 (4.0862)
158.0718223 0.4570445605 14 (0.45704)
159.0558378 0.8713078081 19 21 (0.6426 0.2287)
168.0449388 0.5775716473 25 (0.57757)
169.0401878 6.770538098 3 2 (5.5349 1.2357)
170.0718223 1.508163081 6 (1.5082)
171.0558378 1.265591568 28 33 (0.68566 0.57993)
182.0718223 0.6417357095 8 (0.64174)
183.0558378 7.025605474 16 (7.0256)
184.0510868 0.3095294474 31 (0.30953)
185.0714879 7.542021157 18 (7.542)
186.0667369 0.2457380775 10 32 (0.15773 0.08801)
195.0558378 42.83507421 1 (42.835)
196.0510868 0.4844088916 30 29 (0.27053 0.21388)
212.0823869 1.422277553 0 (1.4223)

0 212.0823869 NC1=CC2=NC3=C(C=CC=C3O)N=C2C=C1
1 195.0558378 [OH+]=C1C=C=CC2=C1N=C1C=C=CC=C1N2
2 169.0401878 C#Cc1cnc2c(n1)C(=[OH+])C=C=C2
3 169.0401878 C#Cc1cnc2c(n1)C=C=CC2=[OH+]
4 145.0401878 [OH+]=C1C=C=Cc2nccnc21
5 51.0234751 C#CC#[CH2+]
6 170.0718223 C#Cc1cnc2cc([NH3+])ccc2n1
7 143.0609232 C#Cc1nc(C#[CH2+])cnc1C
8 182.0718223 C=C=C=c1cnc2c(n1)C=CC(=[NH2+])C=2
9 155.0609232 C#Cc1nc(=C=[CH+]=C)cnc1=C
10 186.0667369 C=c1nc2ccc([NH3+])cc2nc1=C=O
11 67.01838972 C#CC#C[OH2+]
12 146.0718223 [NH3+]c1ccc2nccnc2c1
13 129.0452732 C1=CC=[CH+]2N=C=CN=C2C=1
14 158.0718223 C=c1cnc2c(n1)C=CC(=[NH2+])C=2
15 131.0609232 C#Cc1nc(=[CH3+])cnc1=C
16 183.0558378 C#Cc1nc2c(nc1C)C(=[OH+])C=C=C2
17 132.0449388 C=C=[NH+]C1=CC=C=CC1=O
18 185.0714879 C#Cc1nc2c(nc1C)C(=[OH+])CC=C2
19 159.0558378 Cc1cnc2c(n1)C(=[OH+])C=C=C2
20 27.0234751 C#[CH2+]
21 159.0558378 C#CC=NC1=C([NH3+])C(=O)C=C=C1
22 65.03912516 C#CC[CH+]#C
23 121.0401878 N=C1C=C=CC(=O)C1=[NH2+]
24 78.03437413 C#CC(=[NH2+])C#C
25 168.0449388 C#CC(C#C)=[NH+]C1=CC(=O)C=C=C1
26 134.0605889 C=C=[NH+]C1=CC=CCC1=O
27 144.0449388 C#CC=[NH+]C1=CC(=O)C=C=C1
28 171.0558378 C=c1nc2c(nc1=C)C(=[OH+])C=C=C2
29 196.0510868 [NH+]#CC#Cc1cnc2c(n1)C=CCC2=O
30 196.0510868 C=c1nc2c(nc1=C=C=[NH2+])C(=O)C=C=C2
31 184.0510868 [NH3+]C#Cc1cnc2c(n1)C(=O)C=C=C2
32 186.0667369 [NH3+]C#Cc1cnc2c(n1)C(=O)CC=C2
33 171.0558378 C#Cc1cnc2c(n1)C=CCC2=[OH+]
34 68.05002419 C#CC(=C)[NH3+]
