energy0
44.99710569 0.007909674885 1 (0.0079097)
49.00727645 0.004482022839 5 (0.004482)
51.02292652 0.01393724189 4 (0.013937)
77.00219107 0.0008628555812 12 (0.00086286)
92.99710569 0.0007097316892 23 (0.00070973)
95.01275576 0.002171344394 24 (0.0021713)
104.0494756 5.138874473e-06 21 (5.1389e-06)
131.0603746 9.628334234e-05 7 (9.6283e-05)
153.0447246 0.02347730244 11 (0.023477)
155.0603746 0.03734737161 6 3 (0.036933 0.00041414)
175.0502039 0.0003543227915 15 (0.00035432)
181.0396392 0.008757950897 13 9 10 (0.0042284 0.0022648 0.0022648)
181.0760247 1.826651233 2 (1.8267)
197.0345538 0.008572173438 16 19 (0.0042861 0.0042861)
199.0502039 0.08089038843 14 22 17 18 20 (0.036647 0.012474 0.011268 0.011268 0.0092333)
207.0552893 23.54999931 8 (23.55)
225.0658539 74.43377565 0 (74.434)
energy1
44.99710569 0.04253791095 1 (0.042538)
49.00727645 0.0296252047 5 (0.029625)
51.02292652 0.2446848104 4 (0.24468)
77.00219107 0.01908960465 12 (0.01909)
92.99710569 0.007492187138 23 (0.0074922)
95.01275576 0.04609946341 24 (0.046099)
104.0494756 0.0004386170542 21 (0.00043862)
131.0603746 0.02498059519 7 (0.024981)
153.0447246 1.082362543 11 (1.0824)
155.0603746 0.879761009 6 3 (0.79525 0.084512)
175.0502039 0.008696701515 15 (0.0086967)
181.0396392 0.3862146282 13 9 10 (0.13487 0.12567 0.12567)
181.0760247 17.52006907 2 (17.52)
197.0345538 0.2775109469 16 19 (0.13876 0.13876)
199.0502039 1.098626607 14 22 20 17 18 (0.26194 0.23456 0.21165 0.19523 0.19523)
207.0552893 41.36812718 8 (41.368)
225.0658539 36.96368292 0 (36.964)
energy2
44.99710569 0.4527559984 1 (0.45276)
49.00727645 6.373875161 5 (6.3739)
51.02292652 9.953046783 4 (9.953)
77.00219107 1.100924004 12 (1.1009)
92.99710569 0.427085869 23 (0.42709)
95.01275576 0.5478765171 24 (0.54788)
104.0494756 1.12505041 21 (1.1251)
131.0603746 2.112667895 7 (2.1127)
153.0447246 12.94789769 11 (12.948)
155.0603746 11.15036168 6 3 (10.318 0.83234)
175.0502039 0.5409900244 15 (0.54099)
181.0396392 2.26119752 9 10 13 (0.78837 0.78837 0.68446)
181.0760247 19.30541267 2 (19.305)
197.0345538 0.3812872964 16 19 (0.19064 0.19064)
199.0502039 2.175670164 14 17 18 20 22 (0.92937 0.33519 0.33519 0.29557 0.28036)
207.0552893 21.57792362 8 (21.578)
225.0658539 7.565976698 0 (7.566)

0 225.0658539 OC(=[OH+])c1cccc2nc3ccccc3nc21
1 44.99710569 O=C=[OH+]
2 181.0760247 C1=CC2=NC3=CC=CC=C3[NH+]=C2C=C1
3 155.0603746 [CH+]=C1N=C2C=CC=CC2=NC1=C
4 51.02292652 C#C[CH+]#C
5 49.00727645 [C+]#CC#C
6 155.0603746 C#[CH+]C1=NC2=CC=CC=C2N=C1
7 131.0603746 C1=CC=C2[NH+]=CC=NC2=C1
8 207.0552893 [O+]#CC1=CC=CC2=NC3=CC=CC=C3N=C12
9 181.0396392 C#CC1=CN=C2C=CC=C(C#[O+])C2=N1
10 181.0396392 C#CC1=CN=C2C(C#[O+])=CC=CC2=N1
11 153.0447246 [C+]#CC1=NC2=CC=CC=C2N=C1
12 77.00219107 C#CC#CC#[O+]
13 181.0396392 [CH+]=C1N=C2C=CC=CC2=NC1=C=C=O
14 199.0502039 [CH+]=C1N=C2C(=NC1=C)C=CC=C2C(=O)O
15 175.0502039 OC(=[OH+])C1=CC=CC2=NC=CN=C21
16 197.0345538 [C+]#CC1=CN=C2C=CC=C(C(=O)O)C2=N1
17 199.0502039 C#CC1=CN=C2C=CC=C(C(O)=[OH+])C2=N1
18 199.0502039 C#CC1=CN=C2C(=N1)C=CC=C2C(O)=[OH+]
19 197.0345538 [C+]#CC1=CN=C2C(=N1)C=CC=C2C(=O)O
20 199.0502039 [CH+]=C1N=C2C=CC=CC2=NC1=C=C(O)O
21 104.0494756 C#[N+]C1=CC=CC=C1
22 199.0502039 [CH+]=C(C(=O)O)C1=NC2=CC=CC=C2N=C1
23 92.99710569 [C+]#CC#CC(=O)O
24 95.01275576 C#CC#CC(O)=[OH+]