energy0
15.02292652 0.6491232904 7 (0.64912)
29.00219107 0.001766565667 32 (0.0017666)
59.01275576 0.1131709837 3 (0.11317)
61.02840582 0.03951768826 33 (0.039518)
105.0334912 0.001136543615 20 (0.0011365)
109.0284058 0.002678497588 39 (0.0026785)
135.0440559 0.08607041846 40 (0.08607)
153.0447246 0.001373129558 29 (0.0013731)
181.0396392 0.003791096129 13 (0.0037911)
181.0760247 0.005554855223 26 (0.0055549)
193.0396392 0.003027899518 15 (0.0030279)
207.0552893 0.3562625021 4 (0.35626)
209.0709393 0.1331532641 17 (0.13315)
211.0502039 0.01866195726 8 (0.018662)
211.0865894 0.001657292523 27 (0.0016573)
213.0658539 0.03111849417 9 (0.031118)
215.081504 0.004288601668 38 (0.0042886)
225.0658539 0.03204588242 35 (0.032046)
235.0502039 0.5166044942 5 (0.5166)
237.0658539 7.448219416 2 6 (7.1288 0.3194)
239.081504 0.5151262178 25 (0.51513)
249.0658539 0.02848754485 18 (0.028488)
251.0451185 0.1207900077 19 (0.12079)
251.081504 0.04211713037 22 (0.042117)
253.0607686 0.02158654675 23 (0.021587)
265.0607686 21.0686683 1 (21.069)
267.0764186 2.259237719 16 (2.2592)
269.0920687 0.6514726512 21 (0.65147)
271.0713333 0.02334480907 37 34 (0.012001 0.011344)
281.0556832 0.3489965415 24 (0.349)
297.0869833 65.47094966 0 (65.471)
energy1
15.02292652 0.3441499238 7 (0.34415)
51.02292652 0.02877300597 28 (0.028773)
59.01275576 0.2683798537 3 (0.26838)
61.02840582 0.02799292075 33 (0.027993)
109.0284058 0.07478553979 39 (0.074786)
135.0440559 0.7670383982 40 (0.76704)
153.0447246 0.1577693077 29 (0.15777)
155.0603746 0.02499707511 31 (0.024997)
181.0396392 0.2211524264 13 (0.22115)
183.0552893 0.0359056377 14 (0.035906)
193.0396392 0.107216374 15 (0.10722)
207.0552893 3.623440526 4 (3.6234)
209.0709393 0.9394974489 17 (0.9395)
211.0502039 0.7536118544 8 (0.75361)
211.0865894 0.02638485121 27 (0.026385)
213.0658539 0.5872106889 9 (0.58721)
215.081504 0.1091514175 38 (0.10915)
225.0658539 0.3624417854 35 (0.36244)
235.0502039 2.996417744 5 (2.9964)
237.0658539 17.52471266 2 6 (16.382 1.143)
239.081504 3.741700098 25 (3.7417)
249.0658539 0.1414448652 18 (0.14144)
251.0451185 0.1189493191 19 (0.11895)
251.081504 0.05749519115 22 (0.057495)
253.0607686 0.1958924711 23 (0.19589)
265.0607686 23.60082369 1 (23.601)
267.0764186 1.529934892 16 (1.5299)
269.0920687 0.5714896628 21 (0.57149)
271.0713333 0.6097666822 34 37 (0.31919 0.29058)
281.0556832 0.5054267458 24 (0.50543)
297.0869833 39.94604695 0 (39.946)
energy2
15.02292652 1.170716629 7 (1.1707)
49.00727645 1.735405726 30 (1.7354)
51.02292652 2.335714634 28 (2.3357)
53.03857658 0.3148646545 42 (0.31486)
59.01275576 1.750179226 3 (1.7502)
61.02840582 0.3451130853 33 (0.34511)
105.0334912 1.083664589 20 (1.0837)
107.0491413 0.300370724 41 (0.30037)
135.0440559 0.8471406055 40 (0.84714)
153.0447246 4.841502248 29 (4.8415)
155.0603746 0.7850937372 31 (0.78509)
167.0603746 0.8154618764 36 (0.81546)
181.0396392 1.815220762 13 (1.8152)
181.0760247 4.428815487 26 (4.4288)
193.0396392 0.4903041484 15 (0.4903)
207.0552893 34.66211255 4 (34.662)
209.0709393 8.371934025 17 (8.3719)
211.0502039 0.8456598033 8 (0.84566)
211.0865894 0.5117215809 27 (0.51172)
213.0658539 1.179044353 9 (1.179)
235.0502039 5.828090991 5 (5.8281)
237.0658539 15.69629653 2 6 (13.756 1.9408)
239.081504 1.764892054 25 (1.7649)
249.0658539 0.5608471503 18 (0.56085)
251.0451185 0.9714535748 19 (0.97145)
251.081504 0.5348162052 22 (0.53482)
265.0607686 4.346532848 1 (4.3465)
267.0764186 0.7655974773 16 (0.7656)
269.0920687 0.314733245 21 (0.31473)
271.0713333 0.2849326094 37 34 (0.15785 0.12708)
297.0869833 0.3017668753 0 (0.30177)

0 297.0869833 COC(=O)c1cccc2nc3c(cccc3C(=[OH+])OC)nc21
1 265.0607686 C=[O+]C(=O)C1=C2N=C3C=CCC(=C=O)C3=NC2=CC=C1
2 237.0658539 C=[O+]C(=O)C1=CC=CC2=NC3=CC=CC=C3N=C21
3 59.01275576 C=[O+]C=O
4 207.0552893 [O+]#CC1=C2N=C3C=CC=CC3=NC2=CC=C1
5 235.0502039 O=C=C1CC=CC2=NC3=C(C#[O+])C=CC=C3N=C12
6 237.0658539 O=CC1=C2N=C3C=CCC(=C=[OH+])C3=NC2=CC=C1
7 15.02292652 [CH3+]
8 211.0502039 C#CC1=NC2=C(C(=O)[O+]=C)C=CC=C2N=C1
9 213.0658539 C#CC1=NC2=C(C(=[OH+])OC)C=CC=C2N=C1
10 79.01784114 C#CC#CC=[OH+]
11 77.00219107 C#CC#CC#[O+]
12 189.0658539 COC(=[OH+])C1=C2N=CC=NC2=CC=C1
13 181.0396392 [CH+]=C=C1C=NC2=CC=CC(=C=O)C2=N1
14 183.0552893 C=C=C1C=NC2=CC=CC(=C=[OH+])C2=N1
15 193.0396392 [CH+]=C=C=C1C=NC2=CC=CC(=C=O)C2=N1
16 267.0764186 COC(=O)C1=C2N=C3C=CCC(=C=[OH+])C3=NC2=CC=C1
17 209.0709393 [OH+]=CC1=C2N=C3C=CC=CC3=NC2=CC=C1
18 249.0658539 C=[O+]C=C1C=CC=C2N=C3C(=C=O)C=CC=C3N=C12
19 251.0451185 O=C(O)C1=CC=CC2=NC3=C(C#[O+])C=CC=C3N=C21
20 105.0334912 [O+]#CC1=CC=CC=C1
21 269.0920687 COC(O)C1=C2N=C3C=CCC(=C=[OH+])C3=NC2=CC=C1
22 251.081504 C=[O+]C(=O)C1=C2N=C3C=CCC(=C)C3=NC2=CC=C1
23 253.0607686 O=C(O)C1=C2N=C3C=CCC(=C=[OH+])C3=NC2=CC=C1
24 281.0556832 C=[O+]C(=O)C1=CC=CC2=NC3=C(C(=O)O)C=CC=C3N=C12
25 239.081504 COC(=[OH+])C1=CC=CC2=NC3=CC=CC=C3N=C21
26 181.0760247 C1=CC2=NC3=CC=CC=C3[NH+]=C2C=C1
27 211.0865894 [OH2+]CC1=CC=CC2=NC3=CC=CC=C3N=C12
28 51.02292652 C#CC#[CH2+]
29 153.0447246 [C+]#CC1=NC2=CC=CC=C2N=C1
30 49.00727645 [C+]#CC#C
31 155.0603746 C#[CH+]C1=NC2=CC=CC=C2N=C1
32 29.00219107 C#[O+]
33 61.02840582 COC=[OH+]
34 271.0713333 C=[O+]C(=O)C=C1N=C2C=CC=C(C(=O)OC)C2=NC1=C
35 225.0658539 C=[O+]C(=O)C1=C2N=C(C#CC)C=NC2=CC=C1
36 167.0603746 [CH2+]C#CC1=NC2=CC=CC=C2N=C1
37 271.0713333 C=[O+]C(=O)C(=C)C1=NC2=CC=CC(C(=O)OC)=C2N=C1
38 215.081504 C#CC1=NC2=C(C([OH2+])OC)C=CC=C2N=C1
39 109.0284058 C#CC#CC(=[OH+])OC
40 135.0440559 C=[O+]C(=O)C1=CC=CC=C1
41 107.0491413 [OH+]=CC1=CC=CC=C1
42 53.03857658 C=CC#[CH2+]