energy0
15.02292652 0.32528858 30 (0.32529)
19.01784114 0.4045823999 37 (0.40458)
29.00219107 0.02605801713 33 (0.026058)
41.00219107 1.395468273 31 (1.3955)
44.99710569 0.5816798403 34 (0.58168)
47.01275576 0.1340472108 32 (0.13405)
51.02292652 0.01011379869 4 (0.010114)
53.03857658 0.01025483385 26 (0.010255)
56.99710569 0.03531526637 39 (0.035315)
59.01275576 16.89453503 8 11 (16.598 0.29624)
72.99202031 0.02478657172 13 (0.024787)
75.00767038 0.03707009366 12 (0.03707)
77.02332044 0.491536407 10 (0.49154)
84.99202031 0.005851449782 9 (0.0058514)
103.002585 0.06564455713 7 (0.065645)
143.0603746 0.008956440339 23 (0.0089564)
153.0447246 0.01652699844 16 (0.016527)
155.0603746 0.02791322995 3 2 (0.027877 3.5732e-05)
157.0760247 0.003307676256 22 (0.0033077)
167.0603746 0.02402766033 21 (0.024028)
181.0760247 0.4347384895 1 (0.43474)
193.0760247 0.02385565479 28 (0.023856)
207.0552893 17.41736676 14 (17.417)
209.0709393 0.6372237866 20 (0.63722)
211.0865894 0.3222602542 27 (0.32226)
237.0658539 1.097437798 35 (1.0974)
239.081504 0.4051041663 36 (0.4051)
247.0502039 0.3986252752 40 (0.39863)
257.0556832 0.03330399286 46 42 (0.024895 0.0084089)
265.0607686 15.743779 38 (15.744)
283.0713333 42.96334049 0 (42.963)
energy1
15.02292652 0.2029314391 30 (0.20293)
19.01784114 0.1822955186 37 (0.1823)
41.00219107 1.358093083 31 (1.3581)
44.99710569 0.177256247 34 (0.17726)
47.01275576 0.0567687584 32 (0.056769)
51.02292652 0.1496295194 4 (0.14963)
53.03857658 0.02913738147 26 (0.029137)
56.99710569 0.07199169574 39 (0.071992)
59.01275576 16.33923275 8 11 (15.087 1.2518)
72.99202031 0.05230187016 13 (0.052302)
75.00767038 0.3281792748 12 (0.32818)
77.00219107 0.02525731706 17 (0.025257)
77.02332044 1.466733496 10 (1.4667)
103.002585 0.09066011569 7 (0.09066)
143.0603746 0.05806332178 23 (0.058063)
153.0182351 0.03848718461 45 (0.038487)
153.0447246 0.6586887845 16 (0.65869)
155.0603746 0.5270152021 3 2 (0.51881 0.0082038)
157.0760247 0.06220863314 22 (0.062209)
167.0603746 0.1977676316 21 (0.19777)
181.0396392 0.07862517082 15 18 19 (0.035618 0.021503 0.021503)
181.0760247 2.750931021 1 (2.7509)
207.0552893 34.96508137 14 (34.965)
209.0709393 0.6188286554 20 (0.61883)
211.0865894 0.1540876757 27 (0.15409)
237.0658539 3.631801598 35 (3.6318)
239.081504 0.8466034464 36 (0.8466)
247.0502039 2.225115794 40 (2.2251)
257.0556832 0.3215046408 42 46 (0.16427 0.15724)
265.0607686 17.61388939 38 (17.614)
283.0713333 14.72083201 0 (14.721)
energy2
15.02292652 1.858467059 30 (1.8585)
19.01784114 0.3237010087 37 (0.3237)
29.00219107 0.1902019769 33 (0.1902)
41.00219107 5.591844358 31 (5.5918)
44.99710569 1.590168393 34 (1.5902)
49.00727645 2.382900123 5 (2.3829)
51.02292652 4.520666202 4 (4.5207)
53.03857658 0.8523672744 26 (0.85237)
59.01275576 13.23216439 8 11 (11.357 1.8754)
75.00767038 0.3534636309 12 (0.35346)
77.00219107 1.827510456 17 (1.8275)
77.02332044 0.2497441315 10 (0.24974)
104.0494756 0.1990657411 44 (0.19907)
105.0334912 0.3817389958 29 (0.38174)
131.0603746 1.91624815 6 (1.9162)
143.0603746 0.3289390748 23 (0.32894)
153.0447246 6.405697112 16 (6.4057)
155.0603746 9.557317048 3 2 (9.4041 0.15318)
157.0760247 0.7139092245 22 (0.71391)
167.0603746 0.9498486692 21 (0.94985)
181.0396392 0.9629105706 15 18 19 (0.32418 0.31937 0.31937)
181.0760247 6.494269259 1 (6.4943)
193.0760247 1.652830973 28 (1.6528)
207.0552893 31.18519282 14 (31.185)
209.0709393 3.075186271 20 (3.0752)
211.0865894 0.6654472878 27 (0.66545)
237.0658539 0.8188635891 35 (0.81886)
239.081504 0.3085691364 36 (0.30857)
247.0502039 0.2811364541 40 (0.28114)
257.0556832 0.2301253492 46 42 (0.14761 0.082511)
265.0607686 0.8995052698 38 (0.89951)

0 283.0713333 O=C(O)COC(=[OH+])c1cccc2nc3ccccc3nc21
1 181.0760247 C1=CC2=NC3=CC=CC=C3[NH+]=C2C=C1
2 155.0603746 [CH+]=C1N=C2C=CC=CC2=NC1=C
3 155.0603746 C#[CH+]C1=NC2=CC=CC=C2N=C1
4 51.02292652 C#CC#[CH2+]
5 49.00727645 [C+]#CC#C
6 131.0603746 C1=CC=C2[NH+]=CC=NC2=C1
7 103.002585 [O+]#COC=C(O)O
8 59.01275576 [CH+]=C(O)O
9 84.99202031 [O+]#COC#CO
10 77.02332044 OC(O)C=[OH+]
11 59.01275576 OC=C=[OH+]
12 75.00767038 O=C(O)C=[OH+]
13 72.99202031 O=C(O)C#[O+]
14 207.0552893 [O+]#CC1=C2N=C3C=CC=CC3=NC2=CC=C1
15 181.0396392 [CH+]=C1N=C2C=CC=CC2=NC1=C=C=O
16 153.0447246 [C+]#CC1=NC2=CC=CC=C2N=C1
17 77.00219107 C#CC#CC#[O+]
18 181.0396392 [CH+]=C=C1C=NC2=CC=CC(=C=O)C2=N1
19 181.0396392 [C+]#CC1=NC2=CC=CC(=C=O)C2=NC1
20 209.0709393 [OH+]=CC1=C2N=C3C=CC=CC3=NC2=CC=C1
21 167.0603746 [CH2+]C#CC1=NC2=CC=CC=C2N=C1
22 157.0760247 C=[CH2+]C1=NC2=CC=CC=C2N=C1
23 143.0603746 [CH2+]C1=NC2=CC=CC=C2N=C1
24 79.01784114 C#CC#CC=[OH+]
25 193.0396392 C#CC1=NC2=CC=CC(=C=O)C2=NC1=[CH+]
26 53.03857658 C=CC#[CH2+]
27 211.0865894 [OH+]=CC1CC=CC2=NC3=CC=CC=C3N=C21
28 193.0760247 [CH+]=C1CC=CC2=NC3=CC=CC=C3N=C12
29 105.0334912 [O+]#CC1=CC=CC=C1
30 15.02292652 [CH3+]
31 41.00219107 [C+]#CO
32 47.01275576 OC=[OH+]
33 29.00219107 C#[O+]
34 44.99710569 O=C=[OH+]
35 237.0658539 C=[O+]C(=O)C1=C2N=C3C=CC=CC3=NC2=CC=C1
36 239.081504 COC(=[OH+])C1=C2N=C3C=CC=CC3=NC2=CC=C1
37 19.01784114 [OH3+]
38 265.0607686 OC#COC(=[OH+])C1=C2N=C3C=CC=CC3=NC2=CC=C1
39 56.99710569 O=C=C=[OH+]
40 247.0502039 [C+]#COC(=O)C1=C2N=C3C=CC=CC3=NC2=CC=C1
41 132.9920203 [C+]#CC#CC(=O)OC#CO
42 257.0556832 C=C1N=C2C=CC=CC2=NC1=CC(=O)[O+]=C=C(O)O
43 39.02292652 [C+]#CC
44 104.0494756 C#[N+]C1=CC=CC=C1
45 153.0182351 C#CC#CC(=[OH+])OC=C(O)O
46 257.0556832 C=C1N=C2C=CC=C(C(=O)[O+]=C=C(O)O)C2=NC1=C