energy0
25.00727645 0.0001413939072 13 (0.00014139)
39.02292652 0.01547750681 6 (0.015478)
41.03857658 0.01540846652 7 (0.015408)
49.00727645 0.00902185426 9 (0.0090219)
51.02292652 0.01577736213 16 (0.015777)
53.00219107 0.0050735109 33 (0.0050735)
63.02292652 0.0007079961696 21 (0.000708)
64.01817548 0.0002496940456 10 (0.00024969)
65.00219107 0.01624388081 38 (0.016244)
66.03382555 0.0001109734036 18 (0.00011097)
67.01784114 0.0307723979 37 (0.030772)
91.02907452 5.332423352e-05 22 (5.3324e-05)
104.0494756 0.0004874989492 17 (0.0004875)
116.0494756 0.0001989786739 35 (0.00019898)
128.0494756 3.252138513e-05 31 (3.2521e-05)
131.0603746 0.0005970135851 39 (0.00059701)
140.0494756 0.0006272526805 11 (0.00062725)
142.0651257 0.0006630131828 19 (0.00066301)
143.0603746 0.2458396958 14 24 25 26 (0.24552 0.00018858 6.5696e-05 6.5696e-05)
145.0760247 0.008534624168 36 (0.0085346)
147.0552893 0.0004327339175 49 (0.00043273)
152.0494756 0.001872582401 20 (0.0018726)
153.0447246 0.03645668678 15 23 27 (0.03625 0.00018516 2.1525e-05)
155.0603746 0.09493180079 29 (0.094932)
157.0396392 0.05316586016 5 43 (0.031699 0.021467)
167.0603746 0.242091119 8 (0.24209)
169.0396392 0.09703338723 4 44 47 (0.085906 0.0055637 0.0055637)
169.0760247 0.8190983967 12 (0.8191)
171.0552893 0.1452591877 3 42 45 46 28 (0.056675 0.045029 0.015689 0.015689 0.012176)
181.0396392 0.3474969369 1 40 32 48 (0.23872 0.081562 0.016825 0.010395)
197.0709393 97.79614235 0 (97.796)
energy1
25.00727645 0.0251472802 13 (0.025147)
39.02292652 0.06009174091 6 (0.060092)
40.01817548 0.0006332256746 34 (0.00063323)
41.03857658 0.02781819311 7 (0.027818)
49.00727645 0.2375992285 9 (0.2376)
51.02292652 1.05733721 16 (1.0573)
53.00219107 0.1017619757 33 (0.10176)
63.02292652 0.06806884351 21 (0.068069)
64.01817548 0.001639082785 10 (0.0016391)
65.00219107 0.1493049141 38 (0.1493)
66.03382555 0.01911034156 18 (0.01911)
67.01784114 0.1934782629 37 (0.19348)
104.0494756 0.1350310615 17 (0.13503)
116.0494756 0.005661009038 35 (0.005661)
128.0494756 0.01010170435 31 (0.010102)
131.0603746 0.6125485822 39 (0.61255)
140.0494756 0.08561204914 11 (0.085612)
142.0651257 0.2354360173 19 (0.23544)
143.0603746 0.3438985246 14 24 25 26 (0.25236 0.033085 0.029226 0.029226)
145.0760247 0.03392883376 36 (0.033929)
147.0552893 0.01408518388 49 (0.014085)
152.0494756 0.0978825135 20 (0.097883)
153.0447246 0.7985044774 15 23 27 (0.78749 0.0078209 0.0031976)
155.0603746 1.172008981 29 (1.172)
157.0396392 0.03451022128 5 43 (0.019669 0.014841)
167.0603746 3.269628916 8 (3.2696)
169.0396392 0.868063783 44 47 4 (0.29392 0.29392 0.28021)
169.0760247 10.82273472 12 (10.823)
171.0552893 2.012425076 28 42 45 46 3 (0.50824 0.46882 0.4164 0.4164 0.20255)
181.0396392 0.6488999586 40 32 1 48 (0.24188 0.16364 0.1378 0.10559)
197.0709393 76.85704809 0 (76.857)
energy2
39.02292652 6.018343928 6 (6.0183)
41.03857658 2.232893996 7 (2.2329)
49.00727645 4.747866006 9 (4.7479)
50.00252542 0.7704319208 2 (0.77043)
51.02292652 4.41089809 16 (4.4109)
53.00219107 0.2352847726 33 (0.23528)
63.02292652 4.443123763 21 (4.4431)
64.01817548 1.878276304 10 (1.8783)
65.00219107 1.99201534 38 (1.992)
66.03382555 1.034501915 18 (1.0345)
67.01784114 1.058645571 37 (1.0586)
104.0494756 11.22256613 17 (11.223)
116.0494756 0.2646563836 35 (0.26466)
117.0447246 0.205036288 50 (0.20504)
130.0287402 0.3787017826 41 (0.3787)
131.0603746 1.06160584 39 (1.0616)
140.0494756 0.6004586531 11 (0.60046)
142.0651257 0.6382200069 19 (0.63822)
143.0603746 5.739989431 14 24 25 26 (4.2558 0.73594 0.37411 0.37411)
145.0760247 0.3816337653 36 (0.38163)
147.0552893 0.2343811008 49 (0.23438)
152.0494756 1.938318548 20 (1.9383)
153.0447246 8.162219943 15 23 27 (7.1972 0.81784 0.14716)
155.0603746 3.5053496 29 (3.5053)
157.0396392 0.8215567003 5 43 (0.56358 0.25798)
167.0603746 9.054350731 8 (9.0544)
169.0396392 1.427820304 4 44 47 (0.69487 0.36647 0.36647)
169.0760247 12.84356351 12 (12.844)
171.0552893 2.019382354 3 42 45 46 28 (0.64167 0.58962 0.30775 0.30775 0.17258)
181.0396392 5.353389396 40 1 48 32 (2.4824 1.6339 0.73898 0.49815)
197.0709393 5.324517929 0 (5.3245)

0 197.0709393 [OH+]=c1cccc2[nH]c3ccccc3nc1-2
1 181.0396392 [CH+]=C=C1N=C2C=CC=CC2=NC1=C=O
2 50.00252542 [C+]#CC#N
3 171.0552893 C=C1N=C2C=CC=CC2=NC1=C=[OH+]
4 169.0396392 [CH+]=C1N=C2C=CC=CC2=NC1=C=O
5 157.0396392 [O+]#CC1=NC2=CC=CC=C2N=C1
6 39.02292652 [C+]#CC
7 41.03857658 [CH2+]#CC
8 167.0603746 [CH2+]C#CC1=NC2=CC=CC=C2N=C1
9 49.00727645 [C+]#CC#C
10 64.01817548 C=C=[C+]C#N
11 140.0494756 [CH+]=C=C=C=NC1=CC=CC=C1
12 169.0760247 CC#[CH+]C1=NC2=CC=CC=C2N=C1
13 25.00727645 [C+]#C
14 143.0603746 [CH2+]C1=NC2=CC=CC=C2N=C1
15 153.0447246 [C+]#CC1=NC2=CC=CC=C2N=C1
16 51.02292652 C#CC#[CH2+]
17 104.0494756 C#[N+]C1=CC=CC=C1
18 66.03382555 C=C=CC#[NH+]
19 142.0651257 C=C=C=C=[NH+]C1=CC=CC=C1
20 152.0494756 C#CC#CC#[N+]C1=CC=CC=C1
21 63.02292652 C#CC#C[CH2+]
22 91.02907452 [CH2+]C#CC(=N)C#N
23 153.0447246 C#CC1=NC(=C=C=C)C=NC1=[CH+]
24 143.0603746 [CH+]=C1N=CC(C#CC)=NC1=C
25 143.0603746 C=C=C=C1C=NC(=[CH+]=C)C=N1
26 143.0603746 C=C=C=C1C=NCC(C#[CH2+])=N1
27 153.0447246 [CH+]=C=C=C1C=NC(=C=C=C)C=N1
28 171.0552893 [CH2+]C(=O)C1=NC2=CC=CC=C2N=C1
29 155.0603746 C#[CH+]C1=NC2=CC=CC=C2N=C1
30 52.01817548 C#CC#[NH+]
31 128.0494756 [CH+]=C=C=NC1=CC=CC=C1
32 181.0396392 [C+]#CC(=O)C1=NC2=CC=CC=C2N=C1
33 53.00219107 C#CC#[O+]
34 40.01817548 [CH2+]C#N
35 116.0494756 [CH+]=C=NC1=CC=CC=C1
36 145.0760247 [CH4+]C1=NC2=CC=CC=C2N=C1
37 67.01784114 C#CC=C=[OH+]
38 65.00219107 [C+]#CC=C=O
39 131.0603746 C1=CC=C2[NH+]=CC=NC2=C1
40 181.0396392 C#CC1=NC2=CC=CC(=O)C2=NC1=[CH+]
41 130.0287402 [C+]#CN=C1C=CC=CC1=O
42 171.0552893 [CH+]=C1N=C2C(=O)CC=CC2=NC1=C
43 157.0396392 [CH+]=C1C=NC2=CC=CC(=O)C2=N1
44 169.0396392 [CH+]=C=C1C=NC2=CC=CC(=O)C2=N1
45 171.0552893 C=C=C1C=NC2=CC=CC(=[OH+])C2=N1
46 171.0552893 C#CC1=NC2=CC=CC(=[OH+])C2=NC1
47 169.0396392 [C+]#CC1=NC2=CC=CC(=O)C2=NC1
48 181.0396392 [CH+]=C=C=C1C=NC2=CC=CC(=O)C2=N1
49 147.0552893 [OH+]=C1C=CC=C2N=CCN=C12
50 117.0447246 [CH+]=C=C=C1C=NCC=N1