energy0
39.02292652 0.0001832896876 25 (0.00018329)
41.03857658 1.183903382e-05 24 (1.1839e-05)
43.05422664 1.153096382e-05 23 (1.1531e-05)
49.00727645 8.91942762e-05 5 (8.9194e-05)
51.02292652 0.0001607888099 4 (0.00016079)
53.00219107 1.866832231e-05 29 (1.8668e-05)
53.03857658 4.512297229e-05 3 (4.5123e-05)
55.01784114 1.563309112e-05 28 (1.5633e-05)
63.02292652 0.0003628467887 17 (0.00036285)
65.00219107 1.345893117e-05 26 (1.3459e-05)
65.03857658 0.0002223459459 16 (0.00022235)
67.01784114 8.269131032e-05 21 32 (5.3765e-05 2.8926e-05)
67.05422664 2.050096851e-05 15 (2.0501e-05)
69.0334912 5.965764666e-05 20 31 (4.411e-05 1.5548e-05)
79.01784114 5.134926826e-05 27 30 (2.6307e-05 2.5043e-05)
95.04914126 0.1015940724 6 (0.10159)
124.0393049 0.0001646086492 33 (0.00016461)
161.0345538 4.986432898e-05 8 (4.9864e-05)
172.0393049 0.0005101333582 7 14 (0.00049546 1.4669e-05)
174.0549549 0.0001009901618 13 (0.00010099)
175.0502039 3.441249472e-05 9 (3.4412e-05)
185.0345538 0.0002043386458 2 (0.00020434)
186.0549549 5.012258347e-05 18 (5.0123e-05)
188.0342195 0.0001463417329 22 (0.00014634)
193.0607686 0.005819624521 34 (0.0058196)
199.0502039 0.0004983500412 11 12 (0.00024918 0.00024918)
203.0451185 0.1409568958 1 (0.14096)
217.0607686 0.09690405239 10 (0.096904)
219.0400331 0.04149766627 19 (0.041498)
245.0556832 99.61011961 0 (99.61)
energy1
39.02292652 0.0004347280422 25 (0.00043473)
41.03857658 0.0001186510895 24 (0.00011865)
43.05422664 9.22691736e-05 23 (9.2269e-05)
49.00727645 0.002671120794 5 (0.0026711)
51.02292652 0.003970847053 4 (0.0039708)
53.00219107 0.0001093952133 29 (0.0001094)
53.03857658 0.0004622531178 3 (0.00046225)
55.01784114 0.000106738013 28 (0.00010674)
63.02292652 0.0104854233 17 (0.010485)
65.00219107 0.0002904004168 26 (0.0002904)
65.03857658 0.006122056988 16 (0.0061221)
67.01784114 0.004502078009 21 32 (0.0039048 0.00059732)
67.05422664 0.002261311537 15 (0.0022613)
69.0334912 0.004124523414 31 20 (0.0020896 0.0020349)
79.01784114 0.005547774293 27 30 (0.0043157 0.001232)
95.04914126 0.214695527 6 (0.2147)
124.0393049 0.01345620869 33 (0.013456)
161.0345538 0.0009102244532 8 (0.00091022)
172.0393049 0.00935232703 14 7 (0.0060659 0.0032864)
174.0549549 0.03075329648 13 (0.030753)
175.0502039 0.001140355986 9 (0.0011404)
185.0345538 0.01501473124 2 (0.015015)
186.0549549 0.005580405875 18 (0.0055804)
188.0342195 0.002504058291 22 (0.0025041)
193.0607686 0.01240931139 34 (0.012409)
199.0502039 0.03728620946 11 12 (0.018643 0.018643)
203.0451185 0.5974295689 1 (0.59743)
217.0607686 0.6913352873 10 (0.69134)
219.0400331 0.4404188166 19 (0.44042)
245.0556832 97.8864141 0 (97.886)
energy2
39.02292652 6.868820555 25 (6.8688)
41.03857658 0.2781750203 24 (0.27818)
43.05422664 0.9316139294 23 (0.93161)
49.00727645 3.536179639 5 (3.5362)
51.02292652 4.364890741 4 (4.3649)
53.00219107 0.2820944066 29 (0.28209)
53.03857658 2.266234366 3 (2.2662)
55.01784114 0.3184781564 28 (0.31848)
63.02292652 5.832615366 17 (5.8326)
65.00219107 0.687414137 26 (0.68741)
65.03857658 15.23594219 16 (15.236)
67.01784114 1.782115257 21 32 (1.1542 0.62796)
67.05422664 0.7833333716 15 (0.78333)
69.0334912 1.870146054 20 31 (1.4002 0.46991)
79.01784114 1.493604841 30 27 (0.88574 0.60786)
95.04914126 23.46023114 6 (23.46)
124.0393049 0.2766126038 33 (0.27661)
161.0345538 0.3565676216 8 (0.35657)
172.0393049 1.551312922 7 14 (1.4421 0.10925)
174.0549549 0.3899876758 13 (0.38999)
175.0502039 0.3584977295 9 (0.3585)
185.0345538 0.4137807399 2 (0.41378)
186.0549549 0.2317946068 18 (0.23179)
188.0342195 0.3478797081 22 (0.34788)
193.0607686 0.3411183492 34 (0.34112)
199.0502039 2.170330837 11 12 (1.0852 1.0852)
203.0451185 5.225036144 1 (5.225)
217.0607686 4.78753791 10 (4.7875)
219.0400331 0.6953499064 19 (0.69535)
245.0556832 12.86230407 0 (12.862)

0 245.0556832 [O-][n+]1c2cccc([OH2+])c2[n+]([O-])c2cccc(O)c21
1 203.0451185 [C+]#CC1=CN(O)C2=C(C(O)=CC=C2)N1O
2 185.0345538 [C+]#CC1=CN(O)C2=CC=CC(=O)C2=N1
3 53.03857658 C=CC#[CH2+]
4 51.02292652 C#CC#[CH2+]
5 49.00727645 [C+]#CC#C
6 95.04914126 [OH2+]C1=CC=CC=C1
7 172.0393049 C#CC#C[N+](=O)C1=CC(O)=CC=C1
8 161.0345538 [C+]#CC1=CN(O)C(C#C)=CN1O
9 175.0502039 [C+]#CC1=CN(O)C(C#CC)=CN1O
10 217.0607686 [C+]#CC=C1CN(O)C2=C(C(O)=CC=C2)N1O
11 199.0502039 [C+]#CC=C1CN(O)C2=CC=CC(=O)C2=N1
12 199.0502039 [C+]#CC=C1C=NC2=C(C(O)=CC=C2)N1O
13 174.0549549 C#CC#C[NH+](O)C1=CC=CC=C1O
14 172.0393049 C#CC#C[N+](=O)C1=CC=CC=C1O
15 67.05422664 [CH2+]#CC=CC
16 65.03857658 [CH2+]#CC#CC
17 63.02292652 [C+]#CC#CC
18 186.0549549 C#CC#CC[N+](=O)C1=CC(O)=CC=C1
19 219.0400331 [CH+]=C1C(=C=O)N(O)C2=C(C(O)=CC=C2)N1O
20 69.0334912 C#CCC=[OH+]
21 67.01784114 C#CC=C=[OH+]
22 188.0342195 C#CC(=C=O)[N+](=O)C1=CC(O)=CC=C1
23 43.05422664 CC=[CH3+]
24 41.03857658 [CH2+]#CC
25 39.02292652 [C+]#CC
26 65.00219107 [C+]#CC#CO
27 79.01784114 C#CC#CC=[OH+]
28 55.01784114 C#CC=[OH+]
29 53.00219107 C#CC#[O+]
30 79.01784114 C#CC(=[OH+])C#C
31 69.0334912 C#CC(C)=[OH+]
32 67.01784114 C#CC([CH2+])=O
33 124.0393049 O=[NH+]C1C=CC=CC1=O
34 193.0607686 [CH2+]C1=CN(O)C2=CC=CC(=O)C2N1O