energy0
15.02292652 0.6412395758 1 (0.64124)
29.00219107 0.002295514719 9 (0.0022955)
31.01784114 0.01938848611 26 (0.019388)
33.0334912 0.1465090314 27 (0.14651)
39.02292652 0.003256928886 16 (0.0032569)
49.00727645 0.004374336805 19 (0.0043743)
51.02292652 0.01352595135 20 (0.013526)
53.03857658 0.01372424849 21 (0.013724)
59.01275576 0.1109603758 29 (0.11096)
77.00219107 0.000549461957 11 (0.00054946)
79.01784114 0.0006659315076 10 (0.00066593)
105.0334912 0.0001054549323 7 (0.00010545)
107.0127558 0.0005758703667 31 (0.00057587)
109.0284058 0.002374645346 30 (0.0023746)
143.0603746 0.01356080933 13 (0.013561)
153.0447246 0.02263096715 5 (0.022631)
155.0603746 0.0249527049 6 28 (0.024835 0.00011728)
157.0760247 0.004635483425 33 (0.0046355)
167.0603746 0.03464629491 14 (0.034646)
169.0396392 0.0008503934671 15 (0.00085039)
181.0396392 0.004070147126 23 24 25 (0.0030176 0.00052625 0.00052625)
181.0760247 0.5803926237 4 (0.58039)
189.0658539 0.000342879956 42 (0.00034288)
193.0396392 0.0003928723598 18 (0.00039287)
193.0760247 0.0476552026 3 (0.047655)
207.0552893 23.64422234 22 (23.644)
209.0709393 2.685467631 8 (2.6855)
211.0502039 0.00879830769 38 41 (0.0043992 0.0043992)
211.0865894 0.7226477831 2 (0.72265)
213.0658539 0.08378336148 37 39 40 35 36 (0.035608 0.01275 0.01275 0.012619 0.010057)
239.081504 71.16140439 0 (71.161)
energy1
15.02292652 0.3634767883 1 (0.36348)
29.00219107 0.009812258235 9 (0.0098123)
31.01784114 0.0324283861 26 (0.032428)
33.0334912 0.1719453273 27 (0.17195)
39.02292652 0.01658545201 16 (0.016585)
49.00727645 0.03521206873 19 (0.035212)
51.02292652 0.2563164956 20 (0.25632)
53.03857658 0.05635071136 21 (0.056351)
59.01275576 0.2755664475 29 (0.27557)
77.00219107 0.02593481673 11 (0.025935)
79.01784114 0.01951968822 10 (0.01952)
107.0127558 0.00782779293 31 (0.0078278)
109.0284058 0.07253416532 30 (0.072534)
131.0603746 0.02779064712 12 (0.027791)
143.0603746 0.1330030626 13 (0.133)
153.0447246 1.166432958 5 (1.1664)
155.0603746 0.799254277 6 28 (0.77544 0.023817)
157.0760247 0.1402822358 33 (0.14028)
167.0603746 0.4538866532 14 (0.45389)
181.0396392 0.1427434298 23 24 25 (0.10061 0.021067 0.021067)
181.0760247 5.288946289 4 (5.2889)
183.0552893 0.01686540797 17 (0.016865)
189.0658539 0.0107928294 42 (0.010793)
193.0396392 0.002726605035 18 (0.0027266)
193.0760247 0.1053857263 3 (0.10539)
207.0552893 34.72747152 22 (34.727)
209.0709393 2.328739562 8 (2.3287)
211.0502039 0.4334913631 38 41 (0.21675 0.21675)
211.0865894 0.8594178404 2 (0.85942)
213.0658539 1.660304582 37 39 40 35 36 (0.35054 0.34165 0.34165 0.31688 0.30958)
239.081504 50.35895461 0 (50.359)
energy2
15.02292652 1.412183821 1 (1.4122)
29.00219107 0.5027294317 9 (0.50273)
31.01784114 0.2515757654 26 (0.25158)
33.0334912 0.1837284043 27 (0.18373)
39.02292652 0.5177963054 16 (0.5178)
49.00727645 4.923876471 19 (4.9239)
51.02292652 8.254625532 20 (8.2546)
53.03857658 1.884782563 21 (1.8848)
59.01275576 1.315152493 29 (1.3152)
77.00219107 2.702507546 11 (2.7025)
79.01784114 0.8419086352 10 (0.84191)
104.0494756 0.5265345057 32 (0.52653)
105.0334912 0.483243542 7 (0.48324)
131.0603746 0.7759549296 12 (0.77595)
140.0494756 0.264885207 34 (0.26489)
143.0603746 0.7748679712 13 (0.77487)
153.0447246 10.6156606 5 (10.616)
155.0603746 3.744371917 6 28 (3.1689 0.57551)
157.0760247 0.5461037303 33 (0.5461)
167.0603746 2.296921098 14 (2.2969)
181.0396392 1.519923289 23 24 25 (0.61347 0.45323 0.45323)
181.0760247 12.81059268 4 (12.811)
189.0658539 0.1454575829 42 (0.14546)
193.0396392 0.2960924675 18 (0.29609)
193.0760247 2.092319366 3 (2.0923)
207.0552893 33.12150704 22 (33.122)
209.0709393 4.405590129 8 (4.4056)
211.0502039 0.2426232936 38 41 (0.12131 0.12131)
211.0865894 1.041587119 2 (1.0416)
213.0658539 0.7539778824 39 40 37 36 35 (0.25405 0.25405 0.14935 0.051119 0.045406)
239.081504 0.7509186815 0 (0.75092)

0 239.081504 C[OH+]C(=O)c1cccc2nc3ccccc3nc21
1 15.02292652 [CH3+]
2 211.0865894 [OH+]=CC1=CC=CC2NC3=CC=CC=C3N=C12
3 193.0760247 [CH+]=C1C=CC=C2NC3=CC=CC=C3N=C12
4 181.0760247 C1=CC2=NC3=C(C=CC=C3)[NH+]=C2C=C1
5 153.0447246 [C+]#CC1=CN=C2C=CC=CC2=N1
6 155.0603746 [CH2+]#CC1=CN=C2C=CC=CC2=N1
7 105.0334912 [O+]#CC1=CC=CC=C1
8 209.0709393 [OH+]=CC1=CC=CC2=C1N=C1C=CC=CC1=N2
9 29.00219107 C#[O+]
10 79.01784114 C=C=C=C=C=[OH+]
11 77.00219107 [CH+]=C=C=C=C=O
12 131.0603746 C1=CC2=NC=C[NH+]=C2C=C1
13 143.0603746 [CH+]=C1C=NC2=CC=CC=C2N1
14 167.0603746 [C+]#CC=C1C=NC2=CC=CC=C2N1
15 169.0396392 O=C=[C+]C1=CN=C2C=CC=CC2=N1
16 39.02292652 [C+]#CC
17 183.0552893 C=C1N=C2C=CC=CC2=NC1=C=C=[OH+]
18 193.0396392 C#CC1=NC2=CC=CC(=C=O)C2=NC1=[CH+]
19 49.00727645 [C+]#CC#C
20 51.02292652 C#CC#[CH2+]
21 53.03857658 C=CC#[CH2+]
22 207.0552893 [O+]#CC1=CC=CC2=C1N=C1C=CC=CC1=N2
23 181.0396392 [CH+]=C1N=C2C=CC=CC2=NC1=C=C=O
24 181.0396392 [CH+]=C=C1C=NC2=CC=CC(=C=O)C2=N1
25 181.0396392 [C+]#CC1=NC2=CC=CC(=C=O)C2=NC1
26 31.01784114 C=[OH+]
27 33.0334912 C[OH2+]
28 155.0603746 [CH+]=C1N=C2C=CC=CC2=NC1=C
29 59.01275576 C[O+]=C=O
30 109.0284058 C#CC#CC(=O)[OH+]C
31 107.0127558 C#CC#CC(=O)[O+]=C
32 104.0494756 C#[N+]C1=CC=CC=C1
33 157.0760247 [CH2+]#CC1=CN=C2C=CC=CC2N1
34 140.0494756 [C+]#CC#CN=C1C=CC=CC1
35 213.0658539 C=[O+]C(=O)C(=C)C1=CN=C2C=CC=CC2=N1
36 213.0658539 C=[O+]C(=O)C=C1N=C2C=CC=CC2=NC1=C
37 213.0658539 C=[O+]C(=O)C1=CC=CC2=NC(=C)C(=C)N=C21
38 211.0502039 C#CC1=NC2=C(C=CC=C2C(=O)[O+]=C)N=C1
39 213.0658539 C#CC1=NC2=C(C=CC=C2C(=O)[OH+]C)N=C1
40 213.0658539 C#CC1=NC2=C(N=C1)C(C(=O)[OH+]C)=CC=C2
41 211.0502039 C#CC1=NC2=C(N=C1)C(C(=O)[O+]=C)=CC=C2
42 189.0658539 C[OH+]C(=O)C1=CC=CC2=C1N=CC=N2