energy0
39.02292652 0.01173088311 3 (0.011731)
41.03857658 0.009575879281 44 (0.0095759)
49.00727645 0.0001461542516 2 (0.00014615)
53.00219107 0.001628654741 9 (0.0016287)
63.02292652 5.180958558e-05 37 (5.181e-05)
65.00219107 0.001886723264 4 (0.0018867)
67.01784114 0.00605602464 1 (0.006056)
127.0290745 9.527239847e-06 17 (9.5272e-06)
129.0447246 6.370548469e-05 11 25 (4.2266e-05 2.1439e-05)
132.0443902 0.0001131349257 13 (0.00011313)
141.0447246 2.283177558e-05 16 (2.2832e-05)
143.0603746 1.416018208e-05 24 (1.416e-05)
144.0443902 5.36459936e-05 20 (5.3646e-05)
147.0552893 0.0003160980584 5 (0.0003161)
153.0447246 0.0005070156239 19 29 (0.00049805 8.9625e-06)
155.0239891 1.85668265e-05 23 (1.8567e-05)
155.0603746 3.796828846e-05 31 (3.7968e-05)
157.0396392 0.0292951428 10 (0.029295)
158.0600403 0.000179197289 34 (0.0001792)
159.0552893 0.03771133397 12 (0.037711)
167.0603746 0.0004349530608 33 (0.00043495)
169.0396392 0.03164723481 14 42 (0.031399 0.00024817)
171.0552893 0.0923639485 18 (0.092364)
173.0345538 0.02249106011 43 (0.022491)
181.0396392 0.01760461621 28 (0.017605)
183.0552893 0.02953729354 30 (0.029537)
185.0345538 0.03326748461 46 (0.033267)
185.0709393 0.06048143546 32 (0.060481)
187.0502039 0.04549181721 45 41 (0.032589 0.012902)
197.0345538 0.0907147874 47 40 (0.080186 0.010529)
213.0658539 99.47654691 0 (99.477)
energy1
39.02292652 0.1379348417 3 (0.13793)
41.03857658 0.05306889234 44 (0.053069)
49.00727645 0.1522754271 2 (0.15228)
51.02292652 0.01644509376 36 (0.016445)
53.00219107 0.0169794214 9 (0.016979)
53.03857658 0.01316720122 35 (0.013167)
63.02292652 0.007252176865 37 (0.0072522)
65.00219107 0.0963231484 4 (0.096323)
67.01784114 1.647831161 1 (1.6478)
120.0443902 0.01114399164 22 (0.011144)
129.0447246 0.01127362443 11 25 (0.0081973 0.0030763)
141.0447246 0.01539264632 16 (0.015393)
144.0443902 0.007055805405 20 (0.0070558)
147.0552893 0.1523331663 5 (0.15233)
153.0447246 0.03623701916 19 29 (0.020614 0.015623)
155.0603746 0.09216982624 31 (0.09217)
157.0396392 0.09524656836 10 (0.095247)
157.0760247 0.01337401588 39 (0.013374)
158.0600403 0.01243928128 34 (0.012439)
159.0552893 0.1037155394 12 (0.10372)
167.0603746 0.1186177764 33 (0.11862)
169.0396392 1.208030245 14 42 (1.181 0.027049)
171.0552893 1.056243804 18 (1.0562)
173.0345538 0.01150600376 43 (0.011506)
181.0396392 0.3166510122 28 (0.31665)
183.0552893 1.522907066 30 (1.5229)
185.0345538 0.2433678824 46 (0.24337)
185.0709393 1.273491381 32 (1.2735)
187.0502039 1.035822615 41 45 (0.72422 0.3116)
197.0345538 0.2631673448 47 40 (0.14427 0.1189)
213.0658539 90.25853602 0 (90.259)
energy2
39.02292652 5.416977302 3 (5.417)
41.03857658 4.426162667 44 (4.4262)
49.00727645 1.605480851 2 (1.6055)
50.00252542 0.738727527 15 (0.73873)
52.01817548 0.4511420279 21 (0.45114)
53.00219107 0.6682264898 9 (0.66823)
63.02292652 1.455381613 37 (1.4554)
65.00219107 2.181307818 4 (2.1813)
67.01784114 2.401158801 1 (2.4012)
127.0290745 1.174313822 17 (1.1743)
129.0447246 2.577833735 11 25 (1.7336 0.84425)
130.0287402 0.9122192502 6 (0.91222)
141.0447246 2.250835984 16 (2.2508)
143.0603746 0.7409385435 24 (0.74094)
147.0552893 2.255697621 5 (2.2557)
153.0447246 2.871997139 19 29 (1.8932 0.97882)
155.0603746 2.501951858 31 (2.502)
157.0396392 3.324272743 10 (3.3243)
158.0600403 0.471923887 34 (0.47192)
159.0552893 2.280602888 12 (2.2806)
167.0603746 1.109056011 33 (1.1091)
169.0396392 10.0480725 14 42 (9.5495 0.4986)
171.0552893 8.019742196 18 (8.0197)
173.0345538 0.8042752993 43 (0.80428)
181.0396392 4.126769954 28 (4.1268)
183.0552893 5.205184519 30 (5.2052)
185.0345538 0.6762226573 46 (0.67622)
185.0709393 5.95281711 32 (5.9528)
187.0502039 1.227810123 45 41 (0.73445 0.49336)
197.0345538 3.586645842 47 40 (1.9743 1.6123)
213.0658539 18.53625123 0 (18.536)

0 213.0658539 Oc1cccc2nc3c([OH2+])cccc3nc12
1 67.01784114 C=C=C=C=[OH+]
2 49.00727645 [C+]#CC#C
3 39.02292652 [C+]#CC
4 65.00219107 [CH+]=C=C=C=O
5 147.0552893 [OH2+]C1=C2N=CC=NC2=CC=C1
6 130.0287402 [C+]#CN=C1C=CC=CC1=O
7 117.0447246 [C+]#CC=C1CN=CC=N1
8 103.0290745 [C+]#CC1=CN=CC=N1
9 53.00219107 [CH+]=C=C=O
10 157.0396392 [CH+]=C1C=NC2=CC=CC(=O)C2=N1
11 129.0447246 C#CC=C1C=NC(=[CH+])C=N1
12 159.0552893 C=C1C=NC2=CC=CC(=[OH+])C2=N1
13 132.0443902 C#C[NH+]=C1C=CC=CC1=O
14 169.0396392 [C+]#CC1=NC2=C(O)C=CC=C2N=C1
15 50.00252542 [C+]#CC#N
16 141.0447246 [C+]#CC1=NCC(=CC#C)N=C1
17 127.0290745 [C+]#CC1=NC=C(C#C)N=C1
18 171.0552893 C#CC1=NC2=C([OH2+])C=CC=C2N=C1
19 153.0447246 [C+]#CC1=NC2=CC=CC=C2N=C1
20 144.0443902 C#CC#[N+]C1=C(O)C=CC=C1
21 52.01817548 C#CC#[NH+]
22 120.0443902 C#[N+]C1=CC=CC(O)=C1
23 155.0239891 [C+]#CC1=NC(=C=O)C(C#C)=NC1
24 143.0603746 C#CC=C1CN=C(C#[CH2+])C=N1
25 129.0447246 C#CC1=CN=C(C#[CH2+])C=N1
26 117.0447246 [C+]#CC1=NCC(=C)N=C1
27 105.0447246 [CH2+]#CC1=NC=CN=C1
28 181.0396392 [C+]#CC=C1C=NC2=CC=CC(=O)C2=N1
29 153.0447246 [C+]#CC=C1C=NC(=CC#C)C=N1
30 183.0552893 C#CC=C1C=NC2=CC=CC(=[OH+])C2=N1
31 155.0603746 C#CC=C1C=NC(=CC#[CH2+])C=N1
32 185.0709393 C#CC=C1CNC2=CC=CC(=[OH+])C2=N1
33 167.0603746 [C+]#CC=C1CN=C2C=CC=CC2=N1
34 158.0600403 C#CC#C[NH+]=C1CCC=CC1=O
35 53.03857658 C=CC#[CH2+]
36 51.02292652 C#CC#[CH2+]
37 63.02292652 [C+]#CC#CC
38 168.0443902 C#CC#CC#[N+]C1=CC=CC(O)=C1
39 157.0760247 C#CC=C1C=NC(=CC#[CH2+])CN1
40 197.0345538 [C+]#CC(=O)C1=NC2=CC=CC(O)=C2N=C1
41 187.0502039 [CH2+]C(=O)C1=NC2=CC=CC(O)=C2N=C1
42 169.0396392 [C+]#CC1=NC2=CC=CC(O)=C2N=C1
43 173.0345538 [O+]#CC1=NC2=CC=CC(O)=C2N=C1
44 41.03857658 [CH2+]#CC
45 187.0502039 C=C1N=C2C(=O)C=CC=C2N=C1C=[OH+]
46 185.0345538 C=C1N=C2C(=O)C=CC=C2N=C1C#[O+]
47 197.0345538 C#CC1=NC2=C(O)C=CC=C2N=C1C#[O+]