energy0
51.02292652 6.887558572e-05 15 (6.8876e-05)
77.00219107 0.0009027855169 11 (0.00090279)
92.99710569 0.0007637793608 12 (0.00076378)
95.01275576 0.002327386187 6 (0.0023274)
127.0290745 8.90951208e-07 18 (8.9095e-07)
153.0447246 0.002258974807 4 (0.002259)
175.0502039 8.906525193e-05 10 (8.9065e-05)
181.0396392 0.002687303958 7 (0.0026873)
181.0760247 0.02712533561 2 (0.027125)
197.0345538 0.02145521161 9 17 (0.020754 0.00070147)
199.0502039 0.03276199108 8 (0.032762)
207.0552893 1.60352833 3 (1.6035)
225.0294684 0.0009013609238 13 (0.00090136)
225.0658539 1.543969815 1 (1.544)
243.0400331 0.02494707279 16 14 (0.012484 0.012463)
251.0451185 22.22446906 5 (22.224)
269.0556832 74.51174276 0 (74.512)
energy1
51.02292652 0.01091391866 15 (0.010914)
77.00219107 0.01935042763 11 (0.01935)
92.99710569 0.009095912669 12 (0.0090959)
95.01275576 0.05803207321 6 (0.058032)
127.0290745 0.002615862451 18 (0.0026159)
153.0447246 0.2803101614 4 (0.28031)
175.0502039 0.02351045674 10 (0.02351)
181.0396392 0.2241853777 7 (0.22419)
181.0760247 0.4508665895 2 (0.45087)
197.0345538 0.7964225382 9 17 (0.75532 0.041098)
199.0502039 0.5317316476 8 (0.53173)
207.0552893 13.5081068 3 (13.508)
225.0294684 0.0299358291 13 (0.029936)
225.0658539 12.43549305 1 (12.435)
243.0400331 0.5437566869 14 16 (0.30615 0.23761)
251.0451185 33.44653158 5 (33.447)
269.0556832 37.62914109 0 (37.629)
energy2
51.02292652 0.9243517252 15 (0.92435)
77.00219107 0.7151515734 11 (0.71515)
92.99710569 0.9860983717 12 (0.9861)
95.01275576 0.9428078947 6 (0.94281)
127.0290745 0.4854872355 18 (0.48549)
153.0447246 9.676298211 4 (9.6763)
175.0502039 1.126097353 10 (1.1261)
181.0396392 2.871563009 7 (2.8716)
181.0760247 2.9867216 2 (2.9867)
197.0345538 6.537989436 9 17 (5.8009 0.73708)
199.0502039 5.459318858 8 (5.4593)
207.0552893 31.57361354 3 (31.574)
225.0294684 0.1001088213 13 (0.10011)
225.0658539 9.307269945 1 (9.3073)
243.0400331 1.19931581 14 16 (0.86366 0.33566)
251.0451185 15.79933608 5 (15.799)
269.0556832 9.308470538 0 (9.3085)

0 269.0556832 O=C(O)c1cccc2nc3c(cccc3C(O)=[OH+])nc21
1 225.0658539 OC(=[OH+])C1=C2N=C3C=CC=CC3=NC2=CC=C1
2 181.0760247 C1=CC2=NC3=CC=CC=C3[NH+]=C2C=C1
3 207.0552893 [O+]#CC1=C2N=C3C=CC=CC3=NC2=CC=C1
4 153.0447246 [C+]#CC1=CN=C2C=CC=CC2=N1
5 251.0451185 O=C(O)C1=C2N=C3C=CC=C(C#[O+])C3=NC2=CC=C1
6 95.01275576 C#CC#CC(O)=[OH+]
7 181.0396392 C#CC1=CN=C2C=CC=C(C#[O+])C2=N1
8 199.0502039 C#CC1=NC2=C(C(O)=[OH+])C=CC=C2N=C1
9 197.0345538 [C+]#CC1=NC2=C(C(=O)O)C=CC=C2N=C1
10 175.0502039 OC(=[OH+])C1=C2N=CC=NC2=CC=C1
11 77.00219107 C#CC#CC#[O+]
12 92.99710569 [C+]#CC#CC(=O)O
13 225.0294684 [CH+]=C1N=C2C(=NC1=C=C=O)C=CC=C2C(=O)O
14 243.0400331 [CH+]=C1N=C2C(=NC1=C=C(O)O)C=CC=C2C(=O)O
15 51.02292652 C#C[CH+]#C
16 243.0400331 [CH+]=C(C(=O)O)C1=CN=C2C(C(=O)O)=CC=CC2=N1
17 197.0345538 [C+]#CC1=CN=C2C(=N1)C=CC=C2C(=O)O
18 127.0290745 [C+]#CC1=CN=C(C#C)C=N1