energy0
51.0234751 0.01590138679 1 (0.015901)
129.0452732 1.83649993e-05 4 (1.8365e-05)
131.0609232 0.0004408243297 2 (0.00044082)
155.0609232 0.01637335863 3 (0.016373)
181.0765733 99.96726607 0 (99.967)
energy1
51.0234751 0.3446955309 1 (0.3447)
129.0452732 0.00150874037 4 (0.0015087)
131.0609232 0.01765334642 2 (0.017653)
155.0609232 0.557316088 3 (0.55732)
181.0765733 99.07882629 0 (99.079)
energy2
51.0234751 21.90241034 1 (21.902)
129.0452732 0.4510185803 4 (0.45102)
131.0609232 2.257613167 2 (2.2576)
155.0609232 3.546553126 3 (3.5466)
181.0765733 71.84240478 0 (71.842)

0 181.0765733 C1=CC2=NC3=CC=CC=C3N=C2C=C1
1 51.0234751 C#C[CH+]#C
2 131.0609232 C1=CC=[CH+]2NC=CN=C2C=1
3 155.0609232 [CH2+]#CC1=CN=C2C=C=CC=C2N1
4 129.0452732 C1=CC=[CH+]2N=C=CN=C2C=1
