energy0
18.03382555 0.06960101876 13 (0.069601)
44.0130901 0.00998476683 1 (0.0099848)
49.00727645 0.003857701591 5 (0.0038577)
51.02292652 0.01198383264 4 (0.011984)
76.01817548 3.722308901e-05 12 (3.7223e-05)
77.00219107 0.001276810379 18 (0.0012768)
92.0130901 0.0004591556538 29 (0.00045916)
94.02874017 0.001130494174 30 (0.0011305)
104.0494756 8.990144833e-06 27 (8.9901e-06)
128.0494756 2.595582122e-05 26 (2.5956e-05)
131.0603746 0.0002425841229 8 (0.00024258)
153.0447246 0.02291500755 6 (0.022915)
155.0603746 0.06701153212 7 3 (0.066877 0.00013428)
174.0661883 0.0002675111168 20 (0.00026751)
180.0556236 0.0004891110021 10 11 (0.0003792 0.00010991)
181.0396392 0.009062497582 17 15 16 (0.00354 0.0027612 0.0027612)
181.0760247 0.5455640207 2 (0.54556)
196.0505382 0.006864341513 21 24 (0.0034322 0.0034322)
198.0661883 0.05881728998 19 28 22 23 25 (0.027546 0.0097092 0.0083175 0.0083175 0.0049276)
206.0712737 1.660969363 9 (1.661)
207.0552893 47.16404581 14 (47.164)
224.0818384 50.36538498 0 (50.365)
energy1
18.03382555 0.005555663376 13 (0.0055557)
44.0130901 0.05650110105 1 (0.056501)
49.00727645 0.01993615432 5 (0.019936)
51.02292652 0.1893413527 4 (0.18934)
76.01817548 0.005550873077 12 (0.0055509)
77.00219107 0.06516029604 18 (0.06516)
92.0130901 0.005423120129 29 (0.0054231)
94.02874017 0.0226256908 30 (0.022626)
104.0494756 0.0001219655656 27 (0.00012197)
128.0494756 0.001492574826 26 (0.0014926)
131.0603746 0.008378777137 8 (0.0083788)
153.0447246 0.6635595088 6 (0.66356)
155.0603746 0.6152361615 7 3 (0.4833 0.13194)
174.0661883 0.003394574231 20 (0.0033946)
180.0556236 0.01241458518 10 11 (0.0086381 0.0037765)
181.0396392 0.3698608421 17 15 16 (0.16878 0.10054 0.10054)
181.0760247 24.51675401 2 (24.517)
196.0505382 0.1363422469 21 24 (0.068171 0.068171)
198.0661883 0.3649888876 25 28 19 22 23 (0.092869 0.083859 0.076202 0.05603 0.05603)
206.0712737 3.027280417 9 (3.0273)
207.0552893 61.22367277 14 (61.224)
224.0818384 8.686408426 0 (8.6864)
energy2
18.03382555 0.1241505535 13 (0.12415)
44.0130901 0.3224372007 1 (0.32244)
49.00727645 4.508792891 5 (4.5088)
51.02292652 8.352566341 4 (8.3526)
76.01817548 0.5260422341 12 (0.52604)
77.00219107 2.373445527 18 (2.3734)
92.0130901 0.449367811 29 (0.44937)
94.02874017 0.2359867238 30 (0.23599)
104.0494756 0.8797535764 27 (0.87975)
128.0494756 0.2126592313 26 (0.21266)
131.0603746 3.290403709 8 (3.2904)
153.0447246 9.613831726 6 (9.6138)
155.0603746 14.03288055 7 3 (13.844 0.18856)
174.0661883 0.2716174071 20 (0.27162)
180.0556236 0.6821959843 10 11 (0.42536 0.25683)
181.0396392 2.056741824 15 16 17 (0.75165 0.75165 0.55344)
181.0760247 4.123876391 2 (4.1239)
196.0505382 0.4530579196 21 24 (0.22653 0.22653)
198.0661883 0.9364945964 19 22 23 28 25 (0.39705 0.15091 0.15091 0.1366 0.10102)
206.0712737 8.123437717 9 (8.1234)
207.0552893 36.09685008 14 (36.097)
224.0818384 2.333410009 0 (2.3334)

0 224.0818384 [NH3+]C(=O)c1cccc2nc3ccccc3nc21
1 44.0130901 [NH2+]=C=O
2 181.0760247 C1=CC2=NC3=CC=CC=C3[NH+]=C2C=C1
3 155.0603746 [CH+]=C1N=C2C=CC=CC2=NC1=C
4 51.02292652 C#C[CH+]#C
5 49.00727645 [C+]#CC#C
6 153.0447246 [C+]#CC1=CN=C2C=CC=CC2=N1
7 155.0603746 C#[CH+]C1=NC2=CC=CC=C2N=C1
8 131.0603746 C1=CC=C2[NH+]=CC=NC2=C1
9 206.0712737 [NH+]#CC1=CC=CC2=NC3=CC=CC=C3N=C12
10 180.0556236 [CH+]=C1N=C2C(C#N)=CC=CC2=NC1=C
11 180.0556236 [CH+]=C1N=C2C=CC=CC2=NC1=C=C=N
12 76.01817548 C#CC#CC#[NH+]
13 18.03382555 [NH4+]
14 207.0552893 [O+]#CC1=CC=CC2=NC3=CC=CC=C3N=C12
15 181.0396392 C#CC1=CN=C2C=CC=C(C#[O+])C2=N1
16 181.0396392 C#CC1=CN=C2C(C#[O+])=CC=CC2=N1
17 181.0396392 [CH+]=C1N=C2C=CC=CC2=NC1=C=C=O
18 77.00219107 C#CC#CC#[O+]
19 198.0661883 [CH+]=C1N=C2C(=NC1=C)C=CC=C2C(N)=O
20 174.0661883 [NH3+]C(=O)C1=CC=CC2=NC=CN=C21
21 196.0505382 [C+]#CC1=CN=C2C=CC=C(C(N)=O)C2=N1
22 198.0661883 C#CC1=CN=C2C=CC=C(C([NH3+])=O)C2=N1
23 198.0661883 C#CC1=CN=C2C(=N1)C=CC=C2C([NH3+])=O
24 196.0505382 [C+]#CC1=CN=C2C(=N1)C=CC=C2C(N)=O
25 198.0661883 [CH+]=C1N=C2C=CC=CC2=NC1=C=C(N)O
26 128.0494756 [CH+]=C=C=NC1=CC=CC=C1
27 104.0494756 C#[N+]C1=CC=CC=C1
28 198.0661883 [CH+]=C(C(N)=O)C1=NC2=CC=CC=C2N=C1
29 92.0130901 [C+]#CC#CC(N)=O
30 94.02874017 C#CC#CC([NH3+])=O