energy0
15.02292652 1.3105144 1 (1.3105)
39.02292652 0.001284359312 12 (0.0012844)
41.03857658 0.0003531549396 18 (0.00035315)
49.00727645 0.001282167974 9 (0.0012822)
51.02292652 0.001922516111 8 (0.0019225)
53.00219107 0.003872905122 29 (0.0038729)
63.02292652 0.0002121622018 6 (0.00021216)
65.00219107 0.0005185740026 24 (0.00051857)
79.05422664 0.02525811558 46 (0.025258)
104.0494756 0.0008313067852 2 (0.00083131)
128.0494756 0.003703156708 30 (0.0037032)
130.0651257 0.0002857261546 31 54 (0.00024624 3.949e-05)
133.0396392 0.008838723474 45 (0.0088387)
140.0494756 0.0005635560849 35 (0.00056356)
142.0651257 0.0002358001903 36 (0.0002358)
143.0603746 0.0004277944683 56 (0.00042779)
145.0760247 0.0006408828884 64 (0.00064088)
152.0494756 0.0002305062999 37 (0.00023051)
154.0651257 0.0006820223227 38 63 (0.00065058 3.1443e-05)
156.0443902 0.0007505811966 27 21 15 34 (0.00027812 0.0001887 0.0001436 0.00014016)
157.0760247 0.2985570619 53 (0.29856)
158.0600403 0.001076023141 33 16 28 20 (0.00036655 0.00034195 0.00021197 0.00015556)
159.0916748 0.01231776496 55 (0.012318)
168.0443902 0.0001470847596 22 17 (0.00010331 4.3775e-05)
169.0760247 0.05967447105 57 (0.059674)
181.0760247 0.0326840952 58 (0.032684)
183.0552893 0.005277779145 51 48 (0.0032287 0.002049)
183.0916748 0.1645007556 59 (0.1645)
184.0756904 1.089381254 4 (1.0894)
185.0709393 0.1083838754 52 47 49 50 (0.057548 0.032798 0.012136 0.0059025)
211.0865894 96.86559142 0 (96.866)
energy1
15.02292652 0.6581460955 1 (0.65815)
39.02292652 0.2117765544 12 (0.21178)
49.00727645 0.05020647998 9 (0.050206)
51.02292652 0.4213346201 8 (0.42133)
53.00219107 0.03017879805 29 (0.030179)
53.03857658 0.06713714905 7 (0.067137)
63.02292652 0.2032201766 6 (0.20322)
65.00219107 0.06308857814 24 (0.063089)
65.03857658 0.2872035921 5 (0.2872)
67.01784114 0.03790534315 23 (0.037905)
79.01784114 0.1470913029 43 (0.14709)
79.05422664 0.2866729166 46 (0.28667)
81.0334912 0.2346699602 44 (0.23467)
104.0494756 0.03663057056 2 (0.036631)
140.0494756 0.04641654301 35 (0.046417)
142.0651257 0.05037489526 36 (0.050375)
145.0760247 0.08797033574 64 (0.08797)
152.0494756 0.3055464789 37 (0.30555)
154.0651257 0.6127754509 38 63 (0.58386 0.028912)
156.0443902 0.1234215436 15 34 21 27 (0.070143 0.025627 0.018949 0.0087025)
156.0807757 0.4676790153 39 62 (0.28987 0.17781)
157.0760247 0.232054342 53 (0.23205)
158.0600403 0.125728792 20 16 28 33 (0.04959 0.035204 0.023635 0.0173)
168.0443902 0.1037251376 17 22 (0.09035 0.013375)
169.0760247 0.6841711321 57 (0.68417)
181.0760247 1.590551137 58 (1.5906)
183.0552893 0.5011447731 51 48 (0.28582 0.21532)
183.0916748 10.04472966 59 (10.045)
184.0756904 11.29722125 4 (11.297)
185.0709393 0.7681429285 50 49 47 52 (0.3707 0.16131 0.12981 0.10632)
211.0865894 70.22308445 0 (70.223)
energy2
15.02292652 4.551459115 1 (4.5515)
39.02292652 1.709553967 12 (1.7096)
49.00727645 4.033050258 9 (4.0331)
51.02292652 2.572682657 8 (2.5727)
53.03857658 1.933716877 7 (1.9337)
63.02292652 3.019153569 6 (3.0192)
65.00219107 0.9348977696 24 (0.9349)
65.03857658 3.427607144 5 (3.4276)
67.01784114 0.8049875925 23 (0.80499)
79.01784114 1.203171967 43 (1.2032)
79.05422664 3.879046879 46 (3.879)
81.0334912 1.270252507 44 (1.2703)
104.0494756 1.391022464 2 (1.391)
116.0494756 2.758021696 25 (2.758)
128.0494756 8.23812809 30 (8.2381)
130.0651257 2.185859381 31 54 (2.068 0.11787)
132.0807757 0.8287565909 32 (0.82876)
140.0494756 5.187024254 35 (5.187)
142.0651257 2.884421182 36 (2.8844)
152.0494756 2.465328324 37 (2.4653)
154.0651257 6.492148075 38 63 (6.3055 0.18668)
156.0443902 3.182523866 21 15 34 27 (1.0707 0.92366 0.66979 0.51835)
156.0807757 2.202552724 39 62 (2.0369 0.16569)
157.0760247 1.378221104 53 (1.3782)
158.0600403 4.326952838 16 33 20 28 (1.6002 1.1774 0.98884 0.56054)
168.0443902 1.527605482 22 17 (0.91539 0.61221)
169.0760247 0.9876720411 57 (0.98767)
183.0916748 2.093805911 59 (2.0938)
184.0756904 19.49543117 4 (19.495)
185.0709393 0.8866321268 49 50 52 47 (0.30458 0.21916 0.19616 0.16673)
211.0865894 2.148312377 0 (2.1483)

0 211.0865894 C[N+]1=C2C=CC=CC2=NC2=C1C=CC=C2O
1 15.02292652 [CH3+]
2 104.0494756 C#[N+]C1=CC=CC=C1
3 108.0443902 [NH2+]=C1C=CC=CC1=O
4 184.0756904 O=C1C=CC=CC1=[NH+]C1=CC=CC=C1
5 65.03857658 [CH2+]#CC#CC
6 63.02292652 [C+]#CC#CC
7 53.03857658 C=CC#[CH2+]
8 51.02292652 C#CC#[CH2+]
9 49.00727645 [C+]#CC#C
10 130.0287402 [C+]#CN=C1C=CC=CC1=O
11 132.0443902 C#C[NH+]=C1C=CC=CC1=O
12 39.02292652 [C+]#CC
13 144.0443902 C#CC#[N+]C1=CC=CC=C1O
14 154.0287402 [C+]#CC#CN=C1C=CC=CC1=O
15 156.0443902 C#CC#C[NH+]=C1C=CC=CC1=O
16 158.0600403 C#CC#C[NH+]=C1C=CC=CC1O
17 168.0443902 C#CC#CC#[N+]C1=CC=CC=C1O
18 41.03857658 [CH2+]#CC
19 134.0600403 C=C[NH+]=C1C=CC=CC1=O
20 158.0600403 C#CC(=C)[NH+]=C1C=CC=CC1=O
21 156.0443902 [C+]#CC(=C)N=C1C=CC=CC1=O
22 168.0443902 [C+]#CC(C#C)=NC1=CC=CC=C1O
23 67.01784114 C#CC#C[OH2+]
24 65.00219107 [C+]#CC#CO
25 116.0494756 [CH+]=C=NC1=CC=CC=C1
26 118.0651257 C=C=[NH+]C1=CC=CC=C1
27 156.0443902 C#CC(C#[O+])=NC1=CC=CC=C1
28 158.0600403 C#CC(C=O)=[NH+]C1=CC=CC=C1
29 53.00219107 C#CC#[O+]
30 128.0494756 [CH+]=C=C=NC1=CC=CC=C1
31 130.0651257 C=C=C=[NH+]C1=CC=CC=C1
32 132.0807757 CC=C=[NH+]C1=CC=CC=C1
33 158.0600403 C#CC(=O)C=[NH+]C1=CC=CC=C1
34 156.0443902 C#CC(=O)C#[N+]C1=CC=CC=C1
35 140.0494756 [CH+]=C=C=C=NC1=CC=CC=C1
36 142.0651257 C=C=C=C=[NH+]C1=CC=CC=C1
37 152.0494756 [CH+]=C=C=C=C=NC1=CC=CC=C1
38 154.0651257 C=C=C=C=C=[NH+]C1=CC=CC=C1
39 156.0807757 CC=C=C=C=[NH+]C1=CC=CC=C1
40 132.0443902 O=C=C=[N+]=C1C=CC=CC1
41 108.0807757 C[NH2+]C1=CC=CC=C1
42 77.00219107 C#CC#CC#[O+]
43 79.01784114 C#CC#CC=[OH+]
44 81.0334912 C#CC#CC[OH2+]
45 133.0396392 C#[N+]C1=CC=CC(=O)C1=N
46 79.05422664 C1=CC=[CH2+]C=C1
47 185.0709393 C=C1N=C2C(=O)C=CC=C2N([CH2+])C1=C
48 183.0552893 C#CC1=CN=C2C(=O)C=CC=C2N1[CH2+]
49 185.0709393 C#CC1=CN=C2C(=[OH+])C=CC=C2N1C
50 185.0709393 C#CC1=CN(C)C2=CC=CC(=[OH+])C2=N1
51 183.0552893 C#CC1=CN([CH2+])C2=CC=CC(=O)C2=N1
52 185.0709393 C=C1C(C#[O+])=NC2=CC=CC=C2N1C
53 157.0760247 C=C1C=NC2=CC=CC=C2N1[CH2+]
54 130.0651257 C#C[N+](=C)C1=CC=CC=C1
55 159.0916748 C=C1C=NC2=CC=CC=C2N1[CH4+]
56 143.0603746 [CH2+]C1=CN=C2C=CC=CC2=N1
57 169.0760247 C=C=C1C=NC2=CC=CC=C2N1[CH2+]
58 181.0760247 C=C=C=C1C=NC2=CC=CC=C2N1[CH2+]
59 183.0916748 C=C=C=C1C=NC2=CC=CC=C2N1[CH4+]
60 167.0603746 [CH2+]C#CC1=CN=C2C=CC=CC2=N1
61 106.0651257 C=[NH+]C1=CC=CC=C1
62 156.0807757 C#CC#C[NH+](C)C1=CC=CC=C1
63 154.0651257 C#CC#C[N+](=C)C1=CC=CC=C1
64 145.0760247 [CH2+]N1CC=NC2=CC=CC=C21